-2.98078 0.670224 -2.39509,0.707107 0.670224 -2.9071,0.707107 0.670224 -2.9071$
0.707107 0.670224 -2.9071,0.555571 0.670224 -3.03147,0.707107 0.670224 -2.9071$
0.980784 0.670224 -0.00490808,0.707107 0.670224 -2.9071,0.707107 0.670224 -2.9071$
0.707107 0.670224 -2.9071,-2.55557 0.670224 0.63147,0.707107 0.670224 -2.9071$
0.195088 0.670224 0.780787,0.382681 0.670224 0.723881,0.195088 0.670224 0.780787$
-2.55557 0.670224 0.63147,0.195088 0.670224 0.780787,0.195088 0.670224 0.780787$
0.195088 0.670224 0.780787,0.382681 0.670224 0.723881,0.195088 0.670224 0.780787$
-2.70711 0.670224 0.507107,0.195088 0.670224 0.780787,0.195088 0.670224 0.780787$
0.195088 0.670224 0.780787,0.707107 0.670224 -2.9071,0.707107 0.670224 -2.9071$
0.195088 0.670224 0.780787,0.707107 0.670224 -2.9071,0.707107 0.670224 -2.9071$
0.195088 0.670224 0.780787,0.707107 0.670224 -2.9071,0.707107 0.670224 -2.9071$
0.195088 0.670224 0.780787,0.707107 0.670224 -2.9071,0.707107 0.670224 -2.9071$
0.195088 0.670224 0.780787,0.707107 0.670224 -2.9071,0.707107 0.670224 -2.9071$
0.707107 0.670224 -2.9071,-2 -3.32978 0.8,0.707107 0.670224 -2.9071$
0.707107 0.670224 -2.9071,-2 -3.32978 0.8,0.707107 0.670224 -2.9071$
0.707107 0.670224 -2.9071,-2 -3.32978 0.8,0.707107 0.670224 -2.9071$
0.707107 0.670224 -2.9071,-2 -3.32978 0.8,0.707107 0.670224 -2.9071$
0.707107 0.670224 -2.9071,-2 -3.32978 0.8,0.707107 0.670224 -2.9071$
0.707107 0.670224 -2.9071,-2.70711 -3.32978 0.507107,0.707107 0.670224 -2.9071$
0.980785 -3.32978 -2.39509,0.980785 -3.32978 -0.00490904,0.980785 -3.32978 -0.00490904$
0.980785 -3.32978 -0.00490904,0 -3.32978 0.8,0.980785 -3.32978 -0.00490904$
-2.70711 -3.32978 0.507107,0.980785 -3.32978 -0.00490904,0.980785 -3.32978 -0.00490904$
0.980785 -3.32978 -0.00490904,0.707107 0.670224 -2.9071,0.980785 -3.32978 -0.00490904$
-2.70711 0.670224 0.507107,-2.98078 0.670224 -2.39509,-2.98078 0.670224 -2.39509$
0.980785 -3.32978 -0.00490904,-2.98078 0.670224 -2.39509,-2.98078 0.670224 -2.39509$
0.195089 -1.32978 0.780786,-2.55557 0.670224 0.63147,-2.55557 0.670224 0.63147$
-2.55557 0.670224 0.63147,0.555571 -3.32978 -3.03147,-2.55557 0.670224 0.63147$
0 -3.32978 0.8,0.999999 0.670224 -0.199998,0 -3.32978 0.8$
0 -3.32978 0.8,-3 -3.32978 -2.2,0 -3.32978 0.8$
0.980785 -3.32978 -0.00490904,0 -3.32978 0.8,0 -3.32978 0.8$
0.980785 -3.32978 -0.00490904,0 -3.32978 0.8,0 -3.32978 0.8$
0 -3.32978 0.8,0.555571 -3.32978 -3.03147,0 -3.32978 0.8$
-2.98078 0.670224 -2.39509,0 -3.32978 0.8,0 -3.32978 0.8$
0 -3.32978 0.8,-2.55557 0.670224 0.63147,0 -3.32978 0.8$
0.980785 -1.32978 -0.00490904,0 -3.32978 0.8,0.980785 -1.32978 -0.00490904$
-2.70711 0.670224 0.507107,0.195089 -1.32978 0.780786,0.382681 0.670224 0.723881$
-2.55557 0.670224 0.63147,0.195089 -1.32978 0.780786,0.382681 0.670224 0.723881$
-2.70711 -3.32978 0.507107,0 -3.32978 0.8,0.382681 0.670224 0.723881$
-2.70711 -3.32978 0.507107,0 -3.32978 0.8,0.382681 0.670224 0.723881$
-2.98078 0.670224 -2.39509,-2.70711 -3.32978 0.507107,0.382681 0.670224 0.723881$
-2.70711 -3.32978 0.507107,0 -3.32978 0.8,0.382681 0.670224 0.723881$
-2.98078 0.670224 -2.39509,-2.70711 -3.32978 0.507107,0.382681 0.670224 0.723881$
-2.70711 -3.32978 0.507107,0 -3.32978 0.8,0.382681 0.670224 0.723881$
-2.98078 0.670224 -2.39509,-2.70711 -3.32978 0.507107,0.382681 0.670224 0.723881$
-2.70711 -3.32978 0.507107,0 -3.32978 0.8,0.382681 0.670224 0.723881$
-2.98078 0.670224 -2.39509,-2.70711 -3.32978 0.507107,0.382681 0.670224 0.723881$
-2.70711 -3.32978 0.507107,0 -3.32978 0.8,0.382681 0.670224 0.723881$
-2.98078 0.670224 -2.39509,-2.70711 -3.32978 0.507107,0.382681 0.670224 0.723881$
-2.70711 -3.32978 0.507107,0 -3.32978 0.8,0.382681 0.670224 0.723881$
-2.98078 0.670224 -2.39509,-2.70711 -3.32978 0.507107,0.382681 0.670224 0.723881$
-2.70711 -3.32978 0.507107,0 -3.32978 0.8,0.382681 0.670224 0.723881$
-2.98078 0.670224 -2.39509,-2.70711 -3.32978 0.507107,0.382681 0.670224 0.723881$
-2.70711 -3.32978 0.507107,0 -3.32978 0.8,0.382681 0.670224 0.723881$
-2.55557 0.670224 0.63147,0 -3.32978 0.8,0.382681 0.670224 0.723881$
-2.55557 0.670224 0.63147,0 -3.32978 0.8,0.382681 0.670224 0.723881$
-2.55557 0.670224 0.63147,0 -3.32978 0.8,0.382681 0.670224 0.723881$
-2.55557 0.670224 0.63147,0 -3.32978 0.8,0.382681 0.670224 0.723881$
-2.55557 0.670224 0.63147,0 -3.32978 0.8,0.382681 0.670224 0.723881$
-2.55557 0.670224 0.63147,0 -3.32978 0.8,0.382681 0.670224 0.723881$
-2.55557 0.670224 0.63147,0 -3.32978 0.8,0.382681 0.670224 0.723881$
-2.55557 0.670224 0.63147,0 -3.32978 0.8,0.382681 0.670224 0.723881$
-2.55557 0.670224 0.63147,0 -3.32978 0.8,0.382681 0.670224 0.723881$
-2.55557 0.670224 0.63147,0 -3.32978 0.8,0.382681 0.670224 0.723881$
-2.55557 0.670224 0.63147,0 -3.32978 0.8,0.382681 0.670224 0.723881$
-2.55557 0.670224 0.63147,0 -3.32978 0.8,0.382681 0.670224 0.723881$
-2.55557 0.670224 0.63147,0 -3.32978 0.8,0.382681 0.670224 0.723881$
-2.55557 0.670224 0.63147,0 -3.32978 0.8,0.382681 0.670224 0.723881$
-2.55557 0.670224 0.63147,0 -3.32978 0.8,0.382681 0.670224 0.723881$
-2.55557 0.670224 0.63147,0 -3.32978 0.8,0.382681 0.670224 0.723881$
-2.55557 0.670224 0.63147,0 -3.32978 0.8,0.382681 0.670224 0.723881$
-2.55557 0.670224 0.63147,0 -3.32978 0.8,0.382681 0.670224 0.723881$
-2.55557 0.670224 0.63147,0 -3.32978 0.8,0.382681 0.670224 0.723881$
-2.55557 0.670224 0.63147,0 -3.32978 0.8,0.382681 0.670224 0.723881$
-2.55557 0.670224 0.63147,0 -3.32978 0.8,0.382681 0.670224 0.723881$
-2.55557 0.670224 0.63147,0 -3.32978 0.8,0.382681 0.670224 0.723881$
-2.70711 0.670224 0.507107,0 -3.32978 0.8,0.382681 0.670224 0.723881$
-2.70711 0.670224 0.507107,0 -3.32978 0.8,0.382681 0.670224 0.723881$
-2.55557 0.670224 0.63147,0 -3.32978 0.8,0.382681 0.670224 0.723881$
-2.70711 0.670224 0.507107,0 -3.32978 0.8,0.382681 0.670224 0.723881$
-2.55557 0.670224 0.63147,0 -3.32978 0.8,0.382681 0.670224 0.723881$
-2.70711 0.670224 0.507107,0 -3.32978 0.8,0.382681 0.670224 0.723881$
-2.55557 0.670224 0.63147,0 -3.32978 0.8,0.382681 0.670224 0.723881$
-2.55557 0.670224 0.63147,0 -3.32978 0.8,0.382681 0.670224 0.723881$
-2.55557 0.670224 0.63147,0 -3.32978 0.8,0.382681 0.670224 0.723881$
-2.55557 0.670224 0.63147,0 -3.32978 0.8,0.382681 0.670224 0.723881$
-2.55557 0.670224 0.63147,0 -3.32978 0.8,0.382681 0.670224 0.723881$
-2.55557 0.670224 0.63147,0 -3.32978 0.8,0.382681 0.670224 0.723881$
-2.55557 0.670224 0.63147,0 -3.32978 0.8,0.382681 0.670224 0.723881$
-2.55557 0.670224 0.63147,0 -3.32978 0.8,0.382681 0.670224 0.723881$
-2.55557 0.670224 0.63147,0 -3.32978 0.8,0.382681 0.670224 0.723881$
-2.55557 0.670224 0.63147,0 -3.32978 0.8,0.382681 0.670224 0.723881$
-2.55557 0.670224 0.63147,0 -3.32978 0.8,0.382681 0.670224 0.723881$
-2.55557 0.670224 0.63147,0 -3.32978 0.8,0.382681 0.670224 0.723881$
-2.55557 0.670224 0.63147,0 -3.32978 0.8,0.382681 0.670224 0.723881$
-2.55557 0.670224 0.63147,0 -3.32978 0.8,0.382681 0.670224 0.723881$
-2.55557 0.670224 0.63147,0 -3.32978 0.8,0.382681 0.670224 0.723881$
-2.55557 0.670224 0.63147,0 -3.32978 0.8,0.382681 0.670224 0.723881$
-2.55557 0.670224 0.63147,0 -3.32978 0.8,0.382681 0.670224 0.723881$
-2.55557 0.670224 0.63147,0 -3.32978 0.8,0.382681 0.670224 0.723881$
-2.55557 0.670224 0.63147,0 -3.32978 0.8,0.382681 0.670224 0.723881$
-2.55557 0.670224 0.63147,0 -3.32978 0.8,0.382681 0.670224 0.723881$
-2.55557 0.670224 0.63147,0 -3.32978 0.8,0.382681 0.670224 0.723881$
-2.55557 0.670224 0.63147,0 -3.32978 0.8,0.382681 0.670224 0.723881$
-2.55557 0.670224 0.63147,0 -3.32978 0.8,0.382681 0.670224 0.723881$
-2.55557 0.670224 0.63147,0 -3.32978 0.8,0.382681 0.670224 0.723881$
-2.55557 0.670224 0.63147,0 -3.32978 0.8,0.382681 0.670224 0.723881$
-2.55557 0.670224 0.63147,0 -3.32978 0.8,0.382681 0.670224 0.723881$
-2.55557 0.670224 0.63147,0 -3.32978 0.8,0.382681 0.670224 0.723881$
-2.55557 0.670224 0.63147,0 -3.32978 0.8,0.382681 0.670224 0.723881$
-2.55557 0.670224 0.63147,0 -3.32978 0.8,0.382681 0.670224 0.723881$
-2.55557 0.670224 0.63147,0 -3.32978 0.8,0.382681 0.670224 0.723881$
-2.55557 0.670224 0.63147,0 -3.32978 0.8,0.382681 0.670224 0.723881$
-2.55557 0.670224 0.63147,0 -3.32978 0.8,0.382681 0.670224 0.723881$
-2.55557 0.670224 0.63147,0 -3.32978 0.8,0.382681 0.670224 0.723881$
-2.55557 0.670224 0.63147,0 -3.32978 0.8,0.382681 0.670224 0.723881$
-2.55557 0.670224 0.63147,0 -3.32978 0.8,0.382681 0.670224 0.723881$
-2.98078 0.670224 -2.39509,0.707107 0.670224 -2.9071,0 0.670224 -3.2$
-2.98078 0.670224 -2.39509,0.707107 0.670224 -2.9071,0 0.670224 -3.2$
-2.98078 0.670224 -2.39509,0.707107 0.670224 -2.9071,0 0.670224 -3.2$
-2.98078 0.670224 -2.39509,0.707107 0.670224 -2.9071,0 0.670224 -3.2$
-2.98078 0.670224 -2.39509,0.707107 0.670224 -2.9071,0 0.670224 -3.2$
-2.98078 0.670224 -2.39509,0.707107 0.670224 -2.9071,0 0.670224 -3.2$
0 -3.32978 0.8,0.707107 0.670224 -2.9071,0 0.670224 -3.2$
0 -3.32978 0.8,0.707107 0.670224 -2.9071,0 0.670224 -3.2$
0 -3.32978 0.8,0.707107 0.670224 -2.9071,0 0.670224 -3.2$
0 -3.32978 0.8,0.707107 0.670224 -2.9071,0 0.670224 -3.2$
0 -3.32978 0.8,0.707107 0.670224 -2.9071,0 0.670224 -3.2$
0 -3.32978 0.8,0.707107 0.670224 -2.9071,0 0.670224 -3.2$
0 -3.32978 0.8,0.707107 0.670224 -2.9071,0 0.670224 -3.2$
0 -3.32978 0.8,0.707107 0.670224 -2.9071,0 0.670224 -3.2$
0 -3.32978 0.8,0.707107 0.670224 -2.9071,0 0.670224 -3.2$
0 -3.32978 0.8,0.707107 0.670224 -2.9071,0 0.670224 -3.2$
-3 -3.32978 -2.2,0.980785 -1.32978 -0.00490904,0 0.670224 -3.2$
0 -3.32978 0.8,0.707107 0.670224 -2.9071,0 0.670224 -3.2$
0 -3.32978 0.8,0.707107 0.670224 -2.9071,0 0.670224 -3.2$
0 -3.32978 0.8,0.707107 0.670224 -2.9071,0 0.670224 -3.2$
0 -3.32978 0.8,0.707107 0.670224 -2.9071,0 0.670224 -3.2$
-2.70711 -3.32978 0.507107,0.980785 -1.32978 -0.00490904,0 0.670224 -3.2$
-2.70711 -3.32978 0.507107,0.980785 -1.32978 -0.00490904,0 0.670224 -3.2$
-2.70711 -3.32978 0.507107,0.980785 -1.32978 -0.00490904,0 0.670224 -3.2$
-2.70711 -3.32978 0.507107,0.707107 0.670224 -2.9071,0 0.670224 -3.2$
-2.70711 -3.32978 0.507107,0.980785 -1.32978 -0.00490904,0 0.670224 -3.2$
-2.70711 -3.32978 0.507107,0.980785 -1.32978 -0.00490904,0 0.670224 -3.2$
-2.70711 -3.32978 0.507107,0.707107 0.670224 -2.9071,0 0.670224 -3.2$
-2.70711 -3.32978 0.507107,0.980785 -1.32978 -0.00490904,0 0.670224 -3.2$
-2.70711 -3.32978 0.507107,0.980785 -1.32978 -0.00490904,0 0.670224 -3.2$
-2.70711 -3.32978 0.507107,0.707107 0.670224 -2.9071,0 0.670224 -3.2$
-2.70711 -3.32978 0.507107,0.980785 -1.32978 -0.00490904,0 0.670224 -3.2$
-2.70711 -3.32978 0.507107,0.980785 -1.32978 -0.00490904,0 0.670224 -3.2$
-3 0.670224 -2.2,0.707107 0.670224 -2.9071,0 0.670224 -3.2$
-3 0.670224 -2.2,0.707107 0.670224 -2.9071,0 0.670224 -3.2$
-3 0.670224 -2.2,0.707107 0.670224 -2.9071,0 0.670224 -3.2$
-3 0.670224 -2.2,0.707107 0.670224 -2.9071,0 0.670224 -3.2$
-2.70711 -3.32978 0.507107,0.195089 -1.32978 0.780786,0 0.670224 -3.2$
-2.70711 -3.32978 0.507107,0.980785 -1.32978 -0.00490904,0 0.670224 -3.2$
-3 -3.32978 -2.2,0.980785 -1.32978 -0.00490904,0 0.670224 -3.2$
-3 -3.32978 -2.2,0.980785 -1.32978 -0.00490904,0 0.670224 -3.2$
-3 -3.32978 -2.2,0.980785 -1.32978 -0.00490904,0 0.670224 -3.2$
-3 -3.32978 -2.2,0.980785 -1.32978 -0.00490904,0 0.670224 -3.2$
-2.98078 0.670224 -2.39509,0.980785 -1.32978 -0.00490904,0 0.670224 -3.2$
-2.98078 0.670224 -2.39509,0.980785 -1.32978 -0.00490904,0 0.670224 -3.2$
-2.98078 0.670224 -2.39509,0.980785 -1.32978 -0.00490904,0 0.670224 -3.2$
-2.98078 0.670224 -2.39509,0.980785 -1.32978 -0.00490904,0 0.670224 -3.2$
-2.98078 0.670224 -2.39509,0.980785 -1.32978 -0.00490904,0 0.670224 -3.2$
-2.98078 0.670224 -2.39509,0.980785 -1.32978 -0.00490904,0 0.670224 -3.2$
-2.98078 0.670224 -2.39509,0.980785 -1.32978 -0.00490904,0 0.670224 -3.2$
-2.98078 0.670224 -2.39509,0.980785 -1.32978 -0.00490904,0 0.670224 -3.2$
-2.98078 0.670224 -2.39509,0.980785 -1.32978 -0.00490904,0 0.670224 -3.2$
-2.98078 0.670224 -2.39509,0.980785 -1.32978 -0.00490904,0 0.670224 -3.2$
-2.98078 0.670224 -2.39509,0.980785 -1.32978 -0.00490904,0 0.670224 -3.2$
-2.98078 0.670224 -2.39509,0.980785 -1.32978 -0.00490904,0 0.670224 -3.2$
-2.98078 0.670224 -2.39509,0.980785 -1.32978 -0.00490904,0 0.670224 -3.2$
-2.98078 0.670224 -2.39509,0.980785 -1.32978 -0.00490904,0 0.670224 -3.2$
-2.98078 0.670224 -2.39509,0.980785 -1.32978 -0.00490904,0 0.670224 -3.2$
-2.98078 0.670224 -2.39509,0.980785 -1.32978 -0.00490904,0 0.670224 -3.2$
-2.98078 0.670224 -2.39509,0.980785 -1.32978 -0.00490904,0 0.670224 -3.2$
-2.98078 0.670224 -2.39509,0.980785 -1.32978 -0.00490904,0 0.670224 -3.2$
-2.98078 0.670224 -2.39509,0.980785 -1.32978 -0.00490904,0 0.670224 -3.2$
-2.98078 0.670224 -2.39509,0.980785 -1.32978 -0.00490904,0 0.670224 -3.2$
-2.98078 0.670224 -2.39509,0.980785 -1.32978 -0.00490904,0 0.670224 -3.2$
-2.98078 0.670224 -2.39509,0.980785 -1.32978 -0.00490904,0 0.670224 -3.2$
-2.98078 0.670224 -2.39509,0.980785 -1.32978 -0.00490904,0 0.670224 -3.2$
-2.98078 0.670224 -2.39509,0.980785 -1.32978 -0.00490904,0 0.670224 -3.2$
-2.98078 0.670224 -2.39509,0.980785 -1.32978 -0.00490904,0 0.670224 -3.2$
-2.98078 0.670224 -2.39509,0.980785 -1.32978 -0.00490904,0 0.670224 -3.2$
-2.70711 0.670224 0.507107,0.382681 0.670224 0.723881,0 0.670224 -3.2$
0.382681 0.670224 0.723881,0.707107 0.670224 -2.9071,0 0.670224 -3.2$
-2.70711 0.670224 0.507107,0.382681 0.670224 0.723881,0 0.670224 -3.2$
0.382681 0.670224 0.723881,0.707107 0.670224 -2.9071,0 0.670224 -3.2$
-2.70711 0.670224 0.507107,0.382681 0.670224 0.723881,0 0.670224 -3.2$
0.382681 0.670224 0.723881,0.707107 0.670224 -2.9071,0 0.670224 -3.2$
-2.70711 0.670224 0.507107,0.382681 0.670224 0.723881,0 0.670224 -3.2$
0.382681 0.670224 0.723881,0.707107 0.670224 -2.9071,0 0.670224 -3.2$
-2.55557 0.670224 0.63147,0.382681 0.670224 0.723881,0 0.670224 -3.2$
0.382681 0.670224 0.723881,0.999999 0.670224 -0.199998,0 0.670224 -3.2$
0.382681 0.670224 0.723881,0.707107 0.670224 -2.9071,0 0.670224 -3.2$
0.382681 0.670224 0.723881,0.707107 0.670224 -2.9071,0 0.670224 -3.2$
0.382681 0.670224 0.723881,0.707107 0.670224 -2.9071,0 0.670224 -3.2$
0.382681 0.670224 0.723881,0.707107 0.670224 -2.9071,0 0.670224 -3.2$
0.382681 0.670224 0.723881,0.707107 0.670224 -2.9071,0 0.670224 -3.2$
0.980784 0.670224 -0.00490808,0.707107 0.670224 -2.9071,0 0.670224 -3.2$
0.382681 0.670224 0.723881,0.980784 0.670224 -0.00490808,0 0.670224 -3.2$
0.382681 0.670224 0.723881,0.707107 0.670224 -2.9071,0 0.670224 -3.2$
0.382681 0.670224 0.723881,0.707107 0.670224 -2.9071,0 0.670224 -3.2$
0.382681 0.670224 0.723881,0.707107 0.670224 -2.9071,0 0.670224 -3.2$
-2.98078 0.670224 -2.39509,-2.55557 0.670224 0.63147,0 0.670224 -3.2$
-2.55557 0.670224 0.63147,0.382681 0.670224 0.723881,0 0.670224 -3.2$
0.382681 0.670224 0.723881,0.707107 0.670224 -2.9071,0 0.670224 -3.2$
-2.98078 0.670224 -2.39509,-2.55557 0.670224 0.63147,0 0.670224 -3.2$
-2.55557 0.670224 0.63147,0.382681 0.670224 0.723881,0 0.670224 -3.2$
0.382681 0.670224 0.723881,0.707107 0.670224 -2.9071,0 0.670224 -3.2$
-2.98078 0.670224 -2.39509,-2.55557 0.670224 0.63147,0 0.670224 -3.2$
-2.55557 0.670224 0.63147,0.382681 0.670224 0.723881,0 0.670224 -3.2$
0.382681 0.670224 0.723881,0.707107 0.670224 -2.9071,0 0.670224 -3.2$
-2.98078 0.670224 -2.39509,-2.55557 0.670224 0.63147,0 0.670224 -3.2$
-2.55557 0.670224 0.63147,0.382681 0.670224 0.723881,0 0.670224 -3.2$
0.382681 0.670224 0.723881,0.707107 0.670224 -2.9071,0 0.670224 -3.2$
-2.98078 0.670224 -2.39509,-2.55557 0.670224 0.63147,0 0.670224 -3.2$
-2.55557 0.670224 0.63147,0.382681 0.670224 0.723881,0 0.670224 -3.2$
0.382681 0.670224 0.723881,0.707107 0.670224 -2.9071,0 0.670224 -3.2$
-2.98078 0.670224 -2.39509,-2.55557 0.670224 0.63147,0 0.670224 -3.2$
-2.55557 0.670224 0.63147,0.382681 0.670224 0.723881,0 0.670224 -3.2$
0.382681 0.670224 0.723881,0.707107 0.670224 -2.9071,0 0.670224 -3.2$
-2.98078 0.670224 -2.39509,-2.55557 0.670224 0.63147,0 0.670224 -3.2$
-2.55557 0.670224 0.63147,0.382681 0.670224 0.723881,0 0.670224 -3.2$
0.382681 0.670224 0.723881,0.707107 0.670224 -2.9071,0 0.670224 -3.2$
-2.98078 0.670224 -2.39509,-2.55557 0.670224 0.63147,0 0.670224 -3.2$
-2.55557 0.670224 0.63147,0.382681 0.670224 0.723881,0 0.670224 -3.2$
0.382681 0.670224 0.723881,0.707107 0.670224 -2.9071,0 0.670224 -3.2$
-2.98078 0.670224 -2.39509,-2.55557 0.670224 0.63147,0 0.670224 -3.2$
-2.55557 0.670224 0.63147,0.382681 0.670224 0.723881,0 0.670224 -3.2$
0.382681 0.670224 0.723881,0.707107 0.670224 -2.9071,0 0.670224 -3.2$
-2.98078 0.670224 -2.39509,-2.55557 0.670224 0.63147,0 0.670224 -3.2$
-2.55557 0.670224 0.63147,0.382681 0.670224 0.723881,0 0.670224 -3.2$
0.382681 0.670224 0.723881,0.707107 0.670224 -2.9071,0 0.670224 -3.2$
-2.98078 0.670224 -2.39509,-2.55557 0.670224 0.63147,0 0.670224 -3.2$
-2.55557 0.670224 0.63147,0.382681 0.670224 0.723881,0 0.670224 -3.2$
0.382681 0.670224 0.723881,0.707107 0.670224 -2.9071,0 0.670224 -3.2$
-2.98078 0.670224 -2.39509,-2.55557 0.670224 0.63147,0 0.670224 -3.2$
-2.55557 0.670224 0.63147,0.382681 0.670224 0.723881,0 0.670224 -3.2$
0.382681 0.670224 0.723881,0.707107 0.670224 -2.9071,0 0.670224 -3.2$
-2.98078 0.670224 -2.39509,-2.55557 0.670224 0.63147,0 0.670224 -3.2$
-2.55557 0.670224 0.63147,0.382681 0.670224 0.723881,0 0.670224 -3.2$
0.382681 0.670224 0.723881,0.707107 0.670224 -2.9071,0 0.670224 -3.2$
-2.98078 0.670224 -2.39509,-2.55557 0.670224 0.63147,0 0.670224 -3.2$
-2.55557 0.670224 0.63147,0.382681 0.670224 0.723881,0 0.670224 -3.2$
0.382681 0.670224 0.723881,0.707107 0.670224 -2.9071,0 0.670224 -3.2$
-2.98078 0.670224 -2.39509,-2.55557 0.670224 0.63147,0 0.670224 -3.2$
-2.55557 0.670224 0.63147,0.382681 0.670224 0.723881,0 0.670224 -3.2$
0.382681 0.670224 0.723881,0.555571 0.670224 -3.03147,0 0.670224 -3.2$
-2.98078 0.670224 -2.39509,-2.55557 0.670224 0.63147,0 0.670224 -3.2$
-2.55557 0.670224 0.63147,0.382681 0.670224 0.723881,0 0.670224 -3.2$
0.382681 0.670224 0.723881,0.707107 0.670224 -2.9071,0 0.670224 -3.2$
-2.98078 0.670224 -2.39509,-2.55557 0.670224 0.63147,0 0.670224 -3.2$
-2.55557 0.670224 0.63147,0.382681 0.670224 0.723881,0 0.670224 -3.2$
0.382681 0.670224 0.723881,0.707107 0.670224 -2.9071,0 0.670224 -3.2$
-2.98078 0.670224 -2.39509,-2.55557 0.670224 0.63147,0 0.670224 -3.2$
-2.55557 0.670224 0.63147,0.382681 0.670224 0.723881,0 0.670224 -3.2$
0.382681 0.670224 0.723881,0.707107 0.670224 -2.9071,0 0.670224 -3.2$
-2.98078 0.670224 -2.39509,-2.55557 0.670224 0.63147,0 0.670224 -3.2$
-2.55557 0.670224 0.63147,0.382681 0.670224 0.723881,0 0.670224 -3.2$
-2.98078 0.670224 -2.39509,-3 0.670224 -2.2,0 0.670224 -3.2$
-3 0.670224 -2.2,-2.55557 0.670224 0.63147,0 0.670224 -3.2$
-2.55557 0.670224 0.63147,0.382681 0.670224 0.723881,0 0.670224 -3.2$
0.382681 0.670224 0.723881,0.707107 0.670224 -2.9071,0 0.670224 -3.2$
-2.98078 0.670224 -2.39509,-2.55557 0.670224 0.63147,0 0.670224 -3.2$
-2.55557 0.670224 0.63147,0.382681 0.670224 0.723881,0 0.670224 -3.2$
-2.98078 0.670224 -2.39509,-3 0.670224 -2.2,0 0.670224 -3.2$
-3 0.670224 -2.2,-2.55557 0.670224 0.63147,0 0.670224 -3.2$
-2.55557 0.670224 0.63147,0.382681 0.670224 0.723881,0 0.670224 -3.2$
0.382681 0.670224 0.723881,0.707107 0.670224 -2.9071,0 0.670224 -3.2$
-2.98078 0.670224 -2.39509,-2.55557 0.670224 0.63147,0 0.670224 -3.2$
-2.55557 0.670224 0.63147,0.382681 0.670224 0.723881,0 0.670224 -3.2$
-2.98078 0.670224 -2.39509,-3 0.670224 -2.2,0 0.670224 -3.2$
-3 0.670224 -2.2,-2.55557 0.670224 0.63147,0 0.670224 -3.2$
-2.55557 0.670224 0.63147,0.382681 0.670224 0.723881,0 0.670224 -3.2$
0.382681 0.670224 0.723881,0.707107 0.670224 -2.9071,0 0.670224 -3.2$
-2.98078 0.670224 -2.39509,-2.55557 0.670224 0.63147,0 0.670224 -3.2$
-2.55557 0.670224 0.63147,0.382681 0.670224 0.723881,0 0.670224 -3.2$
-2.98078 0.670224 -2.39509,-3 0.670224 -2.2,0 0.670224 -3.2$
-3 0.670224 -2.2,-2.55557 0.670224 0.63147,0 0.670224 -3.2$
-2.55557 0.670224 0.63147,0.382681 0.670224 0.723881,0 0.670224 -3.2$
-2.98078 0.670224 -2.39509,0.382681 0.670224 0.723881,0 0.670224 -3.2$
0.382681 0.670224 0.723881,0.999999 0.670224 -0.199998,0 0.670224 -3.2$
-2.98078 0.670224 -2.39509,-2.55557 0.670224 0.63147,0 0.670224 -3.2$
-2.55557 0.670224 0.63147,0.382681 0.670224 0.723881,0 0.670224 -3.2$
-2.55557 0.670224 0.63147,0.382681 0.670224 0.723881,0 0.670224 -3.2$
0.382681 0.670224 0.723881,0.980784 0.670224 -0.00490808,0 0.670224 -3.2$
-2.98078 0.670224 -2.39509,-2.55557 0.670224 0.63147,0 0.670224 -3.2$
-2.55557 0.670224 0.63147,0.382681 0.670224 0.723881,0 0.670224 -3.2$
-2.98078 0.670224 -2.39509,0.382681 0.670224 0.723881,0 0.670224 -3.2$
-2.98078 0.670224 -2.39509,-2.55557 0.670224 0.63147,0 0.670224 -3.2$
-2.55557 0.670224 0.63147,0.382681 0.670224 0.723881,0 0.670224 -3.2$
-2.98078 0.670224 -2.39509,0.382681 0.670224 0.723881,0 0.670224 -3.2$
-2.98078 0.670224 -2.39509,-2.55557 0.670224 0.63147,0 0.670224 -3.2$
-2.55557 0.670224 0.63147,0.382681 0.670224 0.723881,0 0.670224 -3.2$
-2.98078 0.670224 -2.39509,0.382681 0.670224 0.723881,0 0.670224 -3.2$
-2.98078 0.670224 -2.39509,-2.55557 0.670224 0.63147,0 0.670224 -3.2$
-2.55557 0.670224 0.63147,0.382681 0.670224 0.723881,0 0.670224 -3.2$
-2.98078 0.670224 -2.39509,0.382681 0.670224 0.723881,0 0.670224 -3.2$
-2.98078 0.670224 -2.39509,-2.55557 0.670224 0.63147,0 0.670224 -3.2$
-2.55557 0.670224 0.63147,0.382681 0.670224 0.723881,0 0.670224 -3.2$
-2.98078 0.670224 -2.39509,0.382681 0.670224 0.723881,0 0.670224 -3.2$
-2.98078 0.670224 -2.39509,0.382681 0.670224 0.723881,0 0.670224 -3.2$
-2.98078 0.670224 -2.39509,0.382681 0.670224 0.723881,0 0.670224 -3.2$
-2.98078 0.670224 -2.39509,0.382681 0.670224 0.723881,0 0.670224 -3.2$
-2.98078 0.670224 -2.39509,0.382681 0.670224 0.723881,0 0.670224 -3.2$
-2.98078 0.670224 -2.39509,0.382681 0.670224 0.723881,0 0.670224 -3.2$
-2.98078 0.670224 -2.39509,0.382681 0.670224 0.723881,0 0.670224 -3.2$
-2.98078 0.670224 -2.39509,0.382681 0.670224 0.723881,0 0.670224 -3.2$
-2.98078 0.670224 -2.39509,0.382681 0.670224 0.723881,0 0.670224 -3.2$
-2.98078 0.670224 -2.39509,0.382681 0.670224 0.723881,0 0.670224 -3.2$
-2.98078 0.670224 -2.39509,0.382681 0.670224 0.723881,0 0.670224 -3.2$
-2.98078 0.670224 -2.39509,0.382681 0.670224 0.723881,0 0.670224 -3.2$
-2.98078 0.670224 -2.39509,0.382681 0.670224 0.723881,0 0.670224 -3.2$
0.195088 0.670224 0.780787,0.382681 0.670224 0.723881,0 0.670224 -3.2$
0.382681 0.670224 0.723881,0.980785 -1.32978 -0.00490904,0 0.670224 -3.2$
0.382681 0.670224 0.723881,0.980785 -1.32978 -0.00490904,0 0.670224 -3.2$
0.382681 0.670224 0.723881,0.980785 -1.32978 -0.00490904,0 0.670224 -3.2$
-2.70711 0.670224 0.507107,0.382681 0.670224 0.723881,0 0.670224 -3.2$
0.382681 0.670224 0.723881,0.980785 -1.32978 -0.00490904,0 0.670224 -3.2$
0.382681 0.670224 0.723881,0.980785 -1.32978 -0.00490904,0 0.670224 -3.2$
0.382681 0.670224 0.723881,0.555571 0.670224 -3.03147,0 0.670224 -3.2$
0.382681 0.670224 0.723881,0.980785 -1.32978 -0.00490904,0 0.670224 -3.2$
0.382681 0.670224 0.723881,0.980785 -1.32978 -0.00490904,0 0.670224 -3.2$
0.382681 0.670224 0.723881,0.707107 0.670224 -2.9071,0 0.670224 -3.2$
0.382681 0.670224 0.723881,0.980785 -1.32978 -0.00490904,0 0.670224 -3.2$
0.382681 0.670224 0.723881,0.707107 0.670224 -2.9071,0 0.670224 -3.2$
0.382681 0.670224 0.723881,0.980785 -1.32978 -0.00490904,0 0.670224 -3.2$
0.382681 0.670224 0.723881,0.980785 -1.32978 -0.00490904,0 0.670224 -3.2$
0.382681 0.670224 0.723881,0.980785 -1.32978 -0.00490904,0 0.670224 -3.2$
0.382681 0.670224 0.723881,0.980785 -1.32978 -0.00490904,0 0.670224 -3.2$
0.382681 0.670224 0.723881,0.980785 -1.32978 -0.00490904,0 0.670224 -3.2$
0.382681 0.670224 0.723881,0.980785 -1.32978 -0.00490904,0 0.670224 -3.2$
0.382681 0.670224 0.723881,0.980785 -1.32978 -0.00490904,0 0.670224 -3.2$
-2.55557 0.670224 0.63147,0.382681 0.670224 0.723881,0 0.670224 -3.2$
0.382681 0.670224 0.723881,0.980785 -1.32978 -0.00490904,0 0.670224 -3.2$
-2.55557 0.670224 0.63147,0.382681 0.670224 0.723881,0 0.670224 -3.2$
0.382681 0.670224 0.723881,0.980785 -1.32978 -0.00490904,0 0.670224 -3.2$
-2.55557 0.670224 0.63147,0.382681 0.670224 0.723881,0 0.670224 -3.2$
0.382681 0.670224 0.723881,0.980785 -1.32978 -0.00490904,0 0.670224 -3.2$
-2.55557 0.670224 0.63147,0.382681 0.670224 0.723881,0 0.670224 -3.2$
0.382681 0.670224 0.723881,0.980785 -1.32978 -0.00490904,0 0.670224 -3.2$
-2.55557 0.670224 0.63147,0.382681 0.670224 0.723881,0 0.670224 -3.2$
0.382681 0.670224 0.723881,0.980785 -1.32978 -0.00490904,0 0.670224 -3.2$
-2.55557 0.670224 0.63147,0.382681 0.670224 0.723881,0 0.670224 -3.2$
0.382681 0.670224 0.723881,0.980785 -1.32978 -0.00490904,0 0.670224 -3.2$
-2.55557 0.670224 0.63147,0.382681 0.670224 0.723881,0 0.670224 -3.2$
0.382681 0.670224 0.723881,0.980785 -1.32978 -0.00490904,0 0.670224 -3.2$
-2.55557 0.670224 0.63147,0.382681 0.670224 0.723881,0 0.670224 -3.2$
0.382681 0.670224 0.723881,0.980785 -1.32978 -0.00490904,0 0.670224 -3.2$
-2.55557 0.670224 0.63147,0.382681 0.670224 0.723881,0 0.670224 -3.2$
0.382681 0.670224 0.723881,0.980785 -1.32978 -0.00490904,0 0.670224 -3.2$
-2.55557 0.670224 0.63147,0.382681 0.670224 0.723881,0 0.670224 -3.2$
0.382681 0.670224 0.723881,0.980785 -1.32978 -0.00490904,0 0.670224 -3.2$
-2.55557 0.670224 0.63147,0.382681 0.670224 0.723881,0 0.670224 -3.2$
0.382681 0.670224 0.723881,0.980785 -1.32978 -0.00490904,0 0.670224 -3.2$
-2.55557 0.670224 0.63147,0.382681 0.670224 0.723881,0 0.670224 -3.2$
0.382681 0.670224 0.723881,0.980785 -1.32978 -0.00490904,0 0.670224 -3.2$
-2.55557 0.670224 0.63147,0.382681 0.670224 0.723881,0 0.670224 -3.2$
0.382681 0.670224 0.723881,0.980785 -1.32978 -0.00490904,0 0.670224 -3.2$
-2.55557 0.670224 0.63147,0.382681 0.670224 0.723881,0 0.670224 -3.2$
0.382681 0.670224 0.723881,0.980785 -1.32978 -0.00490904,0 0.670224 -3.2$
-2.55557 0.670224 0.63147,0.382681 0.670224 0.723881,0 0.670224 -3.2$
0.382681 0.670224 0.723881,0.980785 -1.32978 -0.00490904,0 0.670224 -3.2$
-2.55557 0.670224 0.63147,0.382681 0.670224 0.723881,0 0.670224 -3.2$
0.382681 0.670224 0.723881,0.980785 -1.32978 -0.00490904,0 0.670224 -3.2$
-2.55557 0.670224 0.63147,0.382681 0.670224 0.723881,0 0.670224 -3.2$
0.382681 0.670224 0.723881,0.980785 -1.32978 -0.00490904,0 0.670224 -3.2$
-2.55557 0.670224 0.63147,0.382681 0.670224 0.723881,0 0.670224 -3.2$
0.382681 0.670224 0.723881,0.980785 -1.32978 -0.00490904,0 0.670224 -3.2$
-2.55557 0.670224 0.63147,0.382681 0.670224 0.723881,0 0.670224 -3.2$
0.382681 0.670224 0.723881,0.980785 -1.32978 -0.00490904,0 0.670224 -3.2$
-2.55557 0.670224 0.63147,0.382681 0.670224 0.723881,0 0.670224 -3.2$
0.382681 0.670224 0.723881,0.980785 -1.32978 -0.00490904,0 0.670224 -3.2$
-2.55557 0.670224 0.63147,0.382681 0.670224 0.723881,0 0.670224 -3.2$
0.382681 0.670224 0.723881,0.980785 -1.32978 -0.00490904,0 0.670224 -3.2$
-2.55557 0.670224 0.63147,0.382681 0.670224 0.723881,0 0.670224 -3.2$
0.382681 0.670224 0.723881,0.980785 -1.32978 -0.00490904,0 0.670224 -3.2$
-2.55557 0.670224 0.63147,0.382681 0.670224 0.723881,0 0.670224 -3.2$
0.382681 0.670224 0.723881,0.980785 -1.32978 -0.00490904,0 0.670224 -3.2$
-2.55557 0.670224 0.63147,0.382681 0.670224 0.723881,0 0.670224 -3.2$
0.382681 0.670224 0.723881,0.980785 -1.32978 -0.00490904,0 0.670224 -3.2$
-2.55557 0.670224 0.63147,0.382681 0.670224 0.723881,0 0.670224 -3.2$
0.382681 0.670224 0.723881,0.980785 -1.32978 -0.00490904,0 0.670224 -3.2$
-2.55557 0.670224 0.63147,0.382681 0.670224 0.723881,0 0.670224 -3.2$
0.382681 0.670224 0.723881,0.980785 -1.32978 -0.00490904,0 0.670224 -3.2$
-2.55557 0.670224 0.63147,0.382681 0.670224 0.723881,0 0.670224 -3.2$
0.382681 0.670224 0.723881,0.980785 -1.32978 -0.00490904,0 0.670224 -3.2$
-2.55557 0.670224 0.63147,0.382681 0.670224 0.723881,0 0.670224 -3.2$
0.382681 0.670224 0.723881,0.980785 -1.32978 -0.00490904,0 0.670224 -3.2$
-2.55557 0.670224 0.63147,-2.98078 0.670224 -2.39509,-3 -3.32978 -2.2$
-2.55557 0.670224 0.63147,-2.98078 0.670224 -2.39509,-3 -3.32978 -2.2$
-2.55557 0.670224 0.63147,-2.98078 0.670224 -2.39509,-3 -3.32978 -2.2$
-2.55557 0.670224 0.63147,-2.98078 0.670224 -2.39509,-3 -3.32978 -2.2$
-2.55557 0.670224 0.63147,-2.98078 0.670224 -2.39509,-3 -3.32978 -2.2$
-2.55557 0.670224 0.63147,-2.98078 0.670224 -2.39509,-3 -3.32978 -2.2$
-2.55557 0.670224 0.63147,-2.98078 0.670224 -2.39509,-3 -3.32978 -2.2$
-2.55557 0.670224 0.63147,-3 0.670224 -2.2,-3 -3.32978 -2.2$
-2.55557 0.670224 0.63147,-3 0.670224 -2.2,-3 -3.32978 -2.2$
-2.55557 0.670224 0.63147,-3 0.670224 -2.2,-3 -3.32978 -2.2$
-2.55557 0.670224 0.63147,-3 0.670224 -2.2,-3 -3.32978 -2.2$
-2.70711 0.670224 0.507107,-2.98078 0.670224 -2.39509,-3 -3.32978 -2.2$
-2.70711 0.670224 0.507107,-2.98078 0.670224 -2.39509,-3 -3.32978 -2.2$
-2.55557 0.670224 0.63147,-2.98078 0.670224 -2.39509,-3 -3.32978 -2.2$
-2.70711 0.670224 0.507107,-2.98078 0.670224 -2.39509,-3 -3.32978 -2.2$
-2.55557 0.670224 0.63147,-2.98078 0.670224 -2.39509,-3 -3.32978 -2.2$
-2.70711 0.670224 0.507107,-2.98078 0.670224 -2.39509,-3 -3.32978 -2.2$
-2.55557 0.670224 0.63147,-2.98078 0.670224 -2.39509,-3 -3.32978 -2.2$
-2.55557 0.670224 0.63147,-2.98078 0.670224 -2.39509,-3 -3.32978 -2.2$
-2.55557 0.670224 0.63147,-2.98078 0.670224 -2.39509,-3 -3.32978 -2.2$
-2.55557 0.670224 0.63147,-2.98078 0.670224 -2.39509,-3 -3.32978 -2.2$
-2.55557 0.670224 0.63147,-2.98078 0.670224 -2.39509,-3 -3.32978 -2.2$
-2.55557 0.670224 0.63147,-2.98078 0.670224 -2.39509,-3 -3.32978 -2.2$
-2.55557 0.670224 0.63147,-2.98078 0.670224 -2.39509,-3 -3.32978 -2.2$
-2.55557 0.670224 0.63147,-2.98078 0.670224 -2.39509,-3 -3.32978 -2.2$
-2.55557 0.670224 0.63147,-2.98078 0.670224 -2.39509,-3 -3.32978 -2.2$
-2.55557 0.670224 0.63147,-2.98078 0.670224 -2.39509,-3 -3.32978 -2.2$
-2.55557 0.670224 0.63147,-2.98078 0.670224 -2.39509,-3 -3.32978 -2.2$
-2.55557 0.670224 0.63147,-2.98078 0.670224 -2.39509,-3 -3.32978 -2.2$
-2.55557 0.670224 0.63147,-2.98078 0.670224 -2.39509,-3 -3.32978 -2.2$
-2.55557 0.670224 0.63147,-2.98078 0.670224 -2.39509,-3 -3.32978 -2.2$
-2.55557 0.670224 0.63147,-2.98078 0.670224 -2.39509,-3 -3.32978 -2.2$
-2.55557 0.670224 0.63147,-2.98078 0.670224 -2.39509,-3 -3.32978 -2.2$
-2.55557 0.670224 0.63147,-2.98078 0.670224 -2.39509,-3 -3.32978 -2.2$
-2.55557 0.670224 0.63147,-2.98078 0.670224 -2.39509,-3 -3.32978 -2.2$
-2.55557 0.670224 0.63147,-2.98078 0.670224 -2.39509,-3 -3.32978 -2.2$
-2.55557 0.670224 0.63147,-2.98078 0.670224 -2.39509,-3 -3.32978 -2.2$
-2.55557 0.670224 0.63147,-2.98078 0.670224 -2.39509,-3 -3.32978 -2.2$
-2.55557 0.670224 0.63147,-2.98078 0.670224 -2.39509,-3 -3.32978 -2.2$
-2.55557 0.670224 0.63147,-2.98078 0.670224 -2.39509,-3 -3.32978 -2.2$
-2.55557 0.670224 0.63147,-2.98078 0.670224 -2.39509,-3 -3.32978 -2.2$
0.980785 -3.32978 -0.00490904,0.980785 -1.32978 -0.00490904,-3 -3.32978 -2.2$
0.980785 -1.32978 -0.00490904,-3 -3.32978 -2.2,-3 -3.32978 -2.2$
0.980785 -3.32978 -0.00490904,0.980785 -1.32978 -0.00490904,-3 -3.32978 -2.2$
0.980785 -1.32978 -0.00490904,-3 -3.32978 -2.2,-3 -3.32978 -2.2$
0.980785 -1.32978 -0.00490904,-3 -3.32978 -2.2,-3 -3.32978 -2.2$
0.980785 -1.32978 -0.00490904,-3 -3.32978 -2.2,-3 -3.32978 -2.2$
-3 -3.32978 -2.2,0.980785 -3.32978 -2.39509,-3 -3.32978 -2.2$
0.980785 -1.32978 -0.00490904,-3 -3.32978 -2.2,-3 -3.32978 -2.2$
0.980785 -1.32978 -0.00490904,-2.98078 0.670224 -2.39509,-3 -3.32978 -2.2$
0.980785 -1.32978 -0.00490904,-2.98078 0.670224 -2.39509,-3 -3.32978 -2.2$
0.980785 -1.32978 -0.00490904,-2.98078 0.670224 -2.39509,-3 -3.32978 -2.2$
0.980785 -1.32978 -0.00490904,-2.98078 0.670224 -2.39509,-3 -3.32978 -2.2$
0.980785 -1.32978 -0.00490904,-2.98078 0.670224 -2.39509,-3 -3.32978 -2.2$
0.980785 -1.32978 -0.00490904,-2.98078 0.670224 -2.39509,-3 -3.32978 -2.2$
0.980785 -1.32978 -0.00490904,-2.98078 0.670224 -2.39509,-3 -3.32978 -2.2$
0.980785 -1.32978 -0.00490904,-2.98078 0.670224 -2.39509,-3 -3.32978 -2.2$
0.980785 -1.32978 -0.00490904,-2.98078 0.670224 -2.39509,-3 -3.32978 -2.2$
0.980785 -1.32978 -0.00490904,-2.98078 0.670224 -2.39509,-3 -3.32978 -2.2$
0.980785 -1.32978 -0.00490904,-2.98078 0.670224 -2.39509,-3 -3.32978 -2.2$
0.980785 -1.32978 -0.00490904,-2.98078 0.670224 -2.39509,-3 -3.32978 -2.2$
0.980785 -1.32978 -0.00490904,-2.98078 0.670224 -2.39509,-3 -3.32978 -2.2$
0.980785 -1.32978 -0.00490904,-2.98078 0.670224 -2.39509,-3 -3.32978 -2.2$
0.980785 -1.32978 -0.00490904,-2.98078 0.670224 -2.39509,-3 -3.32978 -2.2$
0.980785 -1.32978 -0.00490904,-2.98078 0.670224 -2.39509,-3 -3.32978 -2.2$
0.980785 -1.32978 -0.00490904,-2.98078 0.670224 -2.39509,-3 -3.32978 -2.2$
0.980785 -1.32978 -0.00490904,-2.98078 0.670224 -2.39509,-3 -3.32978 -2.2$
0.980785 -1.32978 -0.00490904,-2.98078 0.670224 -2.39509,-3 -3.32978 -2.2$
0.980785 -1.32978 -0.00490904,-2.98078 0.670224 -2.39509,-3 -3.32978 -2.2$
0.980785 -1.32978 -0.00490904,-2.98078 0.670224 -2.39509,-3 -3.32978 -2.2$
0.980785 -1.32978 -0.00490904,-2.98078 0.670224 -2.39509,-3 -3.32978 -2.2$
0.980785 -1.32978 -0.00490904,-2.98078 0.670224 -2.39509,-3 -3.32978 -2.2$
0.980785 -1.32978 -0.00490904,-2.98078 0.670224 -2.39509,-3 -3.32978 -2.2$
0.980785 -1.32978 -0.00490904,-2.98078 0.670224 -2.39509,-3 -3.32978 -2.2$
0.980785 -1.32978 -0.00490904,-2.98078 0.670224 -2.39509,-3 -3.32978 -2.2$
0.382681 0.670224 0.723881,-2.98078 0.670224 -2.39509,-3 -3.32978 -2.2$
0 -3.32978 0.8,0.382681 0.670224 0.723881,-3 -3.32978 -2.2$
0.382681 0.670224 0.723881,-2.98078 0.670224 -2.39509,-3 -3.32978 -2.2$
0 -3.32978 0.8,0.382681 0.670224 0.723881,-3 -3.32978 -2.2$
0.382681 0.670224 0.723881,-2.98078 0.670224 -2.39509,-3 -3.32978 -2.2$
0 -3.32978 0.8,0.382681 0.670224 0.723881,-3 -3.32978 -2.2$
0.382681 0.670224 0.723881,-2.98078 0.670224 -2.39509,-3 -3.32978 -2.2$
0 -3.32978 0.8,0.382681 0.670224 0.723881,-3 -3.32978 -2.2$
-2.70711 0.670224 0.507107,0.382681 0.670224 0.723881,-3 -3.32978 -2.2$
-3 -3.32978 -2.2,-2.98078 0.670224 -2.39509,-3 -3.32978 -2.2$
-3 -3.32978 -2.2,-2.98078 0.670224 -2.39509,-3 -3.32978 -2.2$
-3 -3.32978 -2.2,-2.98078 0.670224 -2.39509,-3 -3.32978 -2.2$
-3 -3.32978 -2.2,-2.98078 0.670224 -2.39509,-3 -3.32978 -2.2$
-3 -3.32978 -2.2,-2.98078 0.670224 -2.39509,-3 -3.32978 -2.2$
0.555571 -3.32978 -3.03147,-3 -3.32978 -2.2,-3 -3.32978 -2.2$
0.555571 0.670224 -3.03147,0.555571 -3.32978 -3.03147,-3 -3.32978 -2.2$
0.707107 0.670224 -2.9071,0.555571 -3.32978 -3.03147,-3 -3.32978 -2.2$
0.707107 0.670224 -2.9071,0.555571 -3.32978 -3.03147,-3 -3.32978 -2.2$
0.707107 0.670224 -2.9071,0.555571 -3.32978 -3.03147,-3 -3.32978 -2.2$
0.707107 0.670224 -2.9071,0.555571 -3.32978 -3.03147,-3 -3.32978 -2.2$
0.707107 0.670224 -2.9071,-3 -3.32978 -2.2,-3 -3.32978 -2.2$
-2.55557 0.670224 0.63147,0 0.670224 -3.2,-3 -3.32978 -2.2$
0.707107 0.670224 -2.9071,-3 -3.32978 -2.2,-3 -3.32978 -2.2$
-2.55557 0.670224 0.63147,0 0.670224 -3.2,-3 -3.32978 -2.2$
0.707107 0.670224 -2.9071,-3 -3.32978 -2.2,-3 -3.32978 -2.2$
-2.55557 0.670224 0.63147,0 0.670224 -3.2,-3 -3.32978 -2.2$
0.707107 0.670224 -2.9071,-3 -3.32978 -2.2,-3 -3.32978 -2.2$
-2.55557 0.670224 0.63147,0 0.670224 -3.2,-3 -3.32978 -2.2$
-2.70711 -3.32978 0.507107,0 0.670224 -3.2,-3 -3.32978 -2.2$
-2.70711 -3.32978 0.507107,0 0.670224 -3.2,-3 -3.32978 -2.2$
-2.70711 -3.32978 0.507107,0 0.670224 -3.2,-3 -3.32978 -2.2$
-2.70711 -3.32978 0.507107,0 0.670224 -3.2,-3 -3.32978 -2.2$
-2.70711 -3.32978 0.507107,0 0.670224 -3.2,-3 -3.32978 -2.2$
-2.70711 -3.32978 0.507107,0 0.670224 -3.2,-3 -3.32978 -2.2$
-2.70711 -3.32978 0.507107,0 0.670224 -3.2,-3 -3.32978 -2.2$
-2.70711 -3.32978 0.507107,0 0.670224 -3.2,-3 -3.32978 -2.2$
-2.70711 -3.32978 0.507107,0 0.670224 -3.2,-3 -3.32978 -2.2$
-2.70711 -3.32978 0.507107,0 0.670224 -3.2,-3 -3.32978 -2.2$
-2.70711 -3.32978 0.507107,0 0.670224 -3.2,-3 -3.32978 -2.2$
-2.70711 -3.32978 0.507107,0 0.670224 -3.2,-3 -3.32978 -2.2$
-2.70711 -3.32978 0.507107,0 0.670224 -3.2,-3 -3.32978 -2.2$
0.195089 -1.32978 0.780786,0.980784 0.670224 -0.00490808,-3 -3.32978 -2.2$
0.980784 0.670224 -0.00490808,0 0.670224 -3.2,-3 -3.32978 -2.2$
-2.55557 0.670224 0.63147,0 0.670224 -3.2,-3 -3.32978 -2.2$
0 -3.32978 0.8,0.999999 0.670224 -0.199998,-3 -3.32978 -2.2$
-2.70711 -3.32978 0.507107,0 0.670224 -3.2,-3 -3.32978 -2.2$
-2.70711 -3.32978 0.507107,0 0.670224 -3.2,-3 -3.32978 -2.2$
-2.70711 -3.32978 0.507107,0 0.670224 -3.2,-3 -3.32978 -2.2$
-2.70711 -3.32978 0.507107,0 0.670224 -3.2,-3 -3.32978 -2.2$
-3 -3.32978 -2.2,0 0.670224 -3.2,-3 -3.32978 -2.2$
-2.70711 -3.32978 0.507107,0 0.670224 -3.2,-3 -3.32978 -2.2$
-2.70711 -3.32978 0.507107,0 0.670224 -3.2,-3 -3.32978 -2.2$
-2.70711 -3.32978 0.507107,0 0.670224 -3.2,-3 -3.32978 -2.2$
-2.70711 -3.32978 0.507107,0 0.670224 -3.2,-3 -3.32978 -2.2$
-2.70711 -3.32978 0.507107,0 0.670224 -3.2,-3 -3.32978 -2.2$
-2.70711 -3.32978 0.507107,0 0.670224 -3.2,-3 -3.32978 -2.2$
-2.55557 0.670224 0.63147,0 0.670224 -3.2,-3 -3.32978 -2.2$
-2.55557 0.670224 0.63147,0 0.670224 -3.2,-3 -3.32978 -2.2$
-2.55557 0.670224 0.63147,0 0.670224 -3.2,-3 -3.32978 -2.2$
-2.55557 0.670224 0.63147,0 0.670224 -3.2,-3 -3.32978 -2.2$
-2.70711 -3.32978 0.507107,0 0.670224 -3.2,-3 -3.32978 -2.2$
-2.70711 -3.32978 0.507107,0 0.670224 -3.2,-3 -3.32978 -2.2$
-2.70711 -3.32978 0.507107,0 0.670224 -3.2,-3 -3.32978 -2.2$
-2.70711 -3.32978 0.507107,0 0.670224 -3.2,-3 -3.32978 -2.2$
-2.70711 -3.32978 0.507107,0 0.670224 -3.2,-3 -3.32978 -2.2$
-2.70711 -3.32978 0.507107,0 0.670224 -3.2,-3 -3.32978 -2.2$
-2.70711 -3.32978 0.507107,0 0.670224 -3.2,-3 -3.32978 -2.2$
-2.70711 -3.32978 0.507107,0 0.670224 -3.2,-3 -3.32978 -2.2$
-2.70711 -3.32978 0.507107,0 0.670224 -3.2,-3 -3.32978 -2.2$
-2.70711 -3.32978 0.507107,0 0.670224 -3.2,-3 -3.32978 -2.2$
-2.70711 -3.32978 0.507107,0 0.670224 -3.2,-3 -3.32978 -2.2$
-2.70711 -3.32978 0.507107,0 0.670224 -3.2,-3 -3.32978 -2.2$
-3 0.670224 -2.2,0 0.670224 -3.2,-3 -3.32978 -2.2$
-3 0.670224 -2.2,0 0.670224 -3.2,-3 -3.32978 -2.2$
-3 0.670224 -2.2,0 0.670224 -3.2,-3 -3.32978 -2.2$
-3 0.670224 -2.2,0 0.670224 -3.2,-3 -3.32978 -2.2$
-2.70711 -3.32978 0.507107,0 0.670224 -3.2,-3 -3.32978 -2.2$
-3 -3.32978 -2.2,0 0.670224 -3.2,-3 -3.32978 -2.2$
-3 -3.32978 -2.2,0 0.670224 -3.2,-3 -3.32978 -2.2$
-3 -3.32978 -2.2,0 0.670224 -3.2,-3 -3.32978 -2.2$
0 -3.32978 0.8,-3 -3.32978 -2.2,-3 -3.32978 -2.2$
-3 -3.32978 -2.2,0 0.670224 -3.2,-3 -3.32978 -2.2$
0 -3.32978 0.8,0 0.670224 -3.2,-3 -3.32978 -2.2$
0 -3.32978 0.8,0 0.670224 -3.2,-3 -3.32978 -2.2$
0 -3.32978 0.8,0 0.670224 -3.2,-3 -3.32978 -2.2$
0 -3.32978 0.8,0 0.670224 -3.2,-3 -3.32978 -2.2$
0.980785 -3.32978 -2.39509,-2.98078 0.670224 -2.39509,-3 -3.32978 -2.2$
0.195089 -1.32978 0.780786,-2.98078 0.670224 -2.39509,-3 -3.32978 -2.2$
-2.70711 0.670224 0.507107,0 0.670224 -3.2,-3 -3.32978 -2.2$
-2.70711 0.670224 0.507107,0 0.670224 -3.2,-3 -3.32978 -2.2$
-2.70711 0.670224 0.507107,0 0.670224 -3.2,-3 -3.32978 -2.2$
-2.70711 0.670224 0.507107,0 0.670224 -3.2,-3 -3.32978 -2.2$
0.999999 0.670224 -0.199998,-2.98078 0.670224 -2.39509,-3 -3.32978 -2.2$
0.999999 0.670224 -0.199998,-2.98078 0.670224 -2.39509,-3 -3.32978 -2.2$
0.980785 -3.32978 -0.00490904,-2.98078 0.670224 -2.39509,-3 -3.32978 -2.2$
0.195089 -1.32978 0.780786,-2.98078 0.670224 -2.39509,-3 -3.32978 -2.2$
0.980785 -3.32978 -0.00490904,-2.98078 0.670224 -2.39509,-3 -3.32978 -2.2$
0.195089 -1.32978 0.780786,-2.98078 0.670224 -2.39509,-3 -3.32978 -2.2$
0 -3.32978 0.8,-2.98078 0.670224 -2.39509,-3 -3.32978 -2.2$
0 -3.32978 0.8,-2.98078 0.670224 -2.39509,-3 -3.32978 -2.2$
0 -3.32978 0.8,0.195088 0.670224 0.780787,-3 -3.32978 -2.2$
0.195088 0.670224 0.780787,0 0.670224 -3.2,-3 -3.32978 -2.2$
-2.70711 0.670224 0.507107,0 0.670224 -3.2,-3 -3.32978 -2.2$
0.195089 -1.32978 0.780786,0 0.670224 -3.2,-3 -3.32978 -2.2$
0.195089 -1.32978 0.780786,0 0.670224 -3.2,-3 -3.32978 -2.2$
0.382681 0.670224 0.723881,0 0.670224 -3.2,-3 -3.32978 -2.2$
0.382681 0.670224 0.723881,0 0.670224 -3.2,-3 -3.32978 -2.2$
0.382681 0.670224 0.723881,0 0.670224 -3.2,-3 -3.32978 -2.2$
0.382681 0.670224 0.723881,0 0.670224 -3.2,-3 -3.32978 -2.2$
0.382681 0.670224 0.723881,0 0.670224 -3.2,-3 -3.32978 -2.2$
-2.55557 0.670224 0.63147,0.980785 -3.32978 -0.00490904,1 -3.32978 -0.199999$
0.382681 0.670224 0.723881,-2.55557 0.670224 0.63147,1 -3.32978 -0.199999$
0.382681 0.670224 0.723881,0 -3.32978 0.8,1 -3.32978 -0.199999$
0.195089 -1.32978 0.780786,0.980784 0.670224 -0.00490808,1 -3.32978 -0.199999$
0.980784 0.670224 -0.00490808,0.382681 0.670224 0.723881,1 -3.32978 -0.199999$
0.382681 0.670224 0.723881,0.195089 -1.32978 0.780786,1 -3.32978 -0.199999$
-2.55557 0.670224 0.63147,0.980785 -3.32978 -0.00490904,1 -3.32978 -0.199999$
0.980785 -3.32978 -0.00490904,0.382681 0.670224 0.723881,1 -3.32978 -0.199999$
0.382681 0.670224 0.723881,-2.55557 0.670224 0.63147,1 -3.32978 -0.199999$
-2.55557 0.670224 0.63147,0.980785 -3.32978 -0.00490904,1 -3.32978 -0.199999$
0.980785 -3.32978 -0.00490904,0.382681 0.670224 0.723881,1 -3.32978 -0.199999$
0.382681 0.670224 0.723881,-2.55557 0.670224 0.63147,1 -3.32978 -0.199999$
-2.55557 0.670224 0.63147,0.980785 -3.32978 -0.00490904,1 -3.32978 -0.199999$
0.980785 -3.32978 -0.00490904,0.382681 0.670224 0.723881,1 -3.32978 -0.199999$
0.382681 0.670224 0.723881,-2.55557 0.670224 0.63147,1 -3.32978 -0.199999$
0.707107 0.670224 -2.9071,0.382681 0.670224 0.723881,1 -3.32978 -0.199999$
0.707107 0.670224 -2.9071,0.382681 0.670224 0.723881,1 -3.32978 -0.199999$
0.707107 0.670224 -2.9071,0.382681 0.670224 0.723881,1 -3.32978 -0.199999$
0.707107 0.670224 -2.9071,0.382681 0.670224 0.723881,1 -3.32978 -0.199999$
0.707107 0.670224 -2.9071,0.382681 0.670224 0.723881,1 -3.32978 -0.199999$
0.707107 0.670224 -2.9071,0.382681 0.670224 0.723881,1 -3.32978 -0.199999$
0.707107 0.670224 -2.9071,0.382681 0.670224 0.723881,1 -3.32978 -0.199999$
0.707107 0.670224 -2.9071,0.382681 0.670224 0.723881,1 -3.32978 -0.199999$
0.555571 -3.32978 -3.03147,0.707107 0.670224 -2.9071,1 -3.32978 -0.199999$
0.707107 0.670224 -2.9071,0.382681 0.670224 0.723881,1 -3.32978 -0.199999$
0.999999 0.670224 -0.199998,0.382681 0.670224 0.723881,1 -3.32978 -0.199999$
0.980784 0.670224 -0.00490808,0.382681 0.670224 0.723881,1 -3.32978 -0.199999$
0.382681 0.670224 0.723881,0 -3.32978 0.8,1 -3.32978 -0.199999$
0.382681 0.670224 0.723881,0 -3.32978 0.8,1 -3.32978 -0.199999$
0.382681 0.670224 0.723881,0 -3.32978 0.8,1 -3.32978 -0.199999$
0.382681 0.670224 0.723881,0 -3.32978 0.8,1 -3.32978 -0.199999$
0.382681 0.670224 0.723881,0 -3.32978 0.8,1 -3.32978 -0.199999$
0.382681 0.670224 0.723881,0 -3.32978 0.8,1 -3.32978 -0.199999$
0.382681 0.670224 0.723881,0 -3.32978 0.8,1 -3.32978 -0.199999$
0.382681 0.670224 0.723881,0 -3.32978 0.8,1 -3.32978 -0.199999$
0.382681 0.670224 0.723881,0 -3.32978 0.8,1 -3.32978 -0.199999$
0.980785 -3.32978 -0.00490904,0.999999 0.670224 -0.199998,1 -3.32978 -0.199999$
0.999999 0.670224 -0.199998,0.382681 0.670224 0.723881,1 -3.32978 -0.199999$
0.382681 0.670224 0.723881,0 -3.32978 0.8,1 -3.32978 -0.199999$
0.382681 0.670224 0.723881,0 -3.32978 0.8,1 -3.32978 -0.199999$
0.382681 0.670224 0.723881,0 -3.32978 0.8,1 -3.32978 -0.199999$
0.382681 0.670224 0.723881,0 -3.32978 0.8,1 -3.32978 -0.199999$
0.382681 0.670224 0.723881,0 -3.32978 0.8,1 -3.32978 -0.199999$
0.382681 0.670224 0.723881,0 -3.32978 0.8,1 -3.32978 -0.199999$
0.707107 0.670224 -2.9071,0.382681 0.670224 0.723881,1 -3.32978 -0.199999$
0.382681 0.670224 0.723881,0 -3.32978 0.8,1 -3.32978 -0.199999$
0.707107 0.670224 -2.9071,0.382681 0.670224 0.723881,1 -3.32978 -0.199999$
0.382681 0.670224 0.723881,0 -3.32978 0.8,1 -3.32978 -0.199999$
0.707107 0.670224 -2.9071,0.382681 0.670224 0.723881,1 -3.32978 -0.199999$
0.382681 0.670224 0.723881,0 -3.32978 0.8,1 -3.32978 -0.199999$
0.707107 0.670224 -2.9071,0.382681 0.670224 0.723881,1 -3.32978 -0.199999$
0.382681 0.670224 0.723881,0 -3.32978 0.8,1 -3.32978 -0.199999$
0.707107 0.670224 -2.9071,0.382681 0.670224 0.723881,1 -3.32978 -0.199999$
0.382681 0.670224 0.723881,0 -3.32978 0.8,1 -3.32978 -0.199999$
0.707107 0.670224 -2.9071,0.382681 0.670224 0.723881,1 -3.32978 -0.199999$
0.382681 0.670224 0.723881,0 -3.32978 0.8,1 -3.32978 -0.199999$
0.707107 0.670224 -2.9071,0.382681 0.670224 0.723881,1 -3.32978 -0.199999$
0.382681 0.670224 0.723881,0 -3.32978 0.8,1 -3.32978 -0.199999$
0.195088 0.670224 0.780787,0.980785 -1.32978 -0.00490904,1 -3.32978 -0.199999$
0.980785 -1.32978 -0.00490904,0.382681 0.670224 0.723881,1 -3.32978 -0.199999$
0.382681 0.670224 0.723881,0.195088 0.670224 0.780787,1 -3.32978 -0.199999$
0.707107 0.670224 -2.9071,0.382681 0.670224 0.723881,1 -3.32978 -0.199999$
0.980785 -1.32978 -0.00490904,0.382681 0.670224 0.723881,1 -3.32978 -0.199999$
0.382681 0.670224 0.723881,0 -3.32978 0.8,1 -3.32978 -0.199999$
0.195088 0.670224 0.780787,0.980785 -1.32978 -0.00490904,1 -3.32978 -0.199999$
0.980785 -1.32978 -0.00490904,0.382681 0.670224 0.723881,1 -3.32978 -0.199999$
0.382681 0.670224 0.723881,0.195088 0.670224 0.780787,1 -3.32978 -0.199999$
0.707107 0.670224 -2.9071,0.382681 0.670224 0.723881,1 -3.32978 -0.199999$
0.980785 -1.32978 -0.00490904,0.382681 0.670224 0.723881,1 -3.32978 -0.199999$
0.382681 0.670224 0.723881,0 -3.32978 0.8,1 -3.32978 -0.199999$
0.707107 0.670224 -2.9071,0.382681 0.670224 0.723881,1 -3.32978 -0.199999$
0.980785 -1.32978 -0.00490904,0.382681 0.670224 0.723881,1 -3.32978 -0.199999$
0.382681 0.670224 0.723881,0 -3.32978 0.8,1 -3.32978 -0.199999$
0.555571 -3.32978 -3.03147,0.555571 0.670224 -3.03147,1 -3.32978 -0.199999$
0.555571 0.670224 -3.03147,0.382681 0.670224 0.723881,1 -3.32978 -0.199999$
0.707107 0.670224 -2.9071,0.382681 0.670224 0.723881,1 -3.32978 -0.199999$
0.980785 -1.32978 -0.00490904,0.382681 0.670224 0.723881,1 -3.32978 -0.199999$
0.382681 0.670224 0.723881,0 -3.32978 0.8,1 -3.32978 -0.199999$
0.707107 0.670224 -2.9071,0.382681 0.670224 0.723881,1 -3.32978 -0.199999$
0.980785 -1.32978 -0.00490904,0.382681 0.670224 0.723881,1 -3.32978 -0.199999$
0.382681 0.670224 0.723881,0 -3.32978 0.8,1 -3.32978 -0.199999$
0.555571 -3.32978 -3.03147,0.707107 0.670224 -2.9071,1 -3.32978 -0.199999$
0.707107 0.670224 -2.9071,0.382681 0.670224 0.723881,1 -3.32978 -0.199999$
0.707107 0.670224 -2.9071,0.382681 0.670224 0.723881,1 -3.32978 -0.199999$
0.980785 -1.32978 -0.00490904,0.382681 0.670224 0.723881,1 -3.32978 -0.199999$
0.382681 0.670224 0.723881,0 -3.32978 0.8,1 -3.32978 -0.199999$
0.555571 -3.32978 -3.03147,0.707107 0.670224 -2.9071,1 -3.32978 -0.199999$
0.707107 0.670224 -2.9071,0.382681 0.670224 0.723881,1 -3.32978 -0.199999$
0.382681 0.670224 0.723881,0.555571 -3.32978 -3.03147,1 -3.32978 -0.199999$
0.707107 0.670224 -2.9071,0.382681 0.670224 0.723881,1 -3.32978 -0.199999$
0.980785 -1.32978 -0.00490904,0.382681 0.670224 0.723881,1 -3.32978 -0.199999$
0.382681 0.670224 0.723881,0 -3.32978 0.8,1 -3.32978 -0.199999$
0.555571 -3.32978 -3.03147,0.707107 0.670224 -2.9071,1 -3.32978 -0.199999$
0.707107 0.670224 -2.9071,0.382681 0.670224 0.723881,1 -3.32978 -0.199999$
0.382681 0.670224 0.723881,0.555571 -3.32978 -3.03147,1 -3.32978 -0.199999$
0.980785 -1.32978 -0.00490904,0.382681 0.670224 0.723881,1 -3.32978 -0.199999$
0.382681 0.670224 0.723881,0 -3.32978 0.8,1 -3.32978 -0.199999$
0.980785 -1.32978 -0.00490904,0.382681 0.670224 0.723881,1 -3.32978 -0.199999$
0.382681 0.670224 0.723881,0 -3.32978 0.8,1 -3.32978 -0.199999$
0.980785 -1.32978 -0.00490904,0.382681 0.670224 0.723881,1 -3.32978 -0.199999$
0.382681 0.670224 0.723881,0 -3.32978 0.8,1 -3.32978 -0.199999$
0.980785 -1.32978 -0.00490904,0.382681 0.670224 0.723881,1 -3.32978 -0.199999$
0.382681 0.670224 0.723881,0 -3.32978 0.8,1 -3.32978 -0.199999$
0.980785 -1.32978 -0.00490904,0.382681 0.670224 0.723881,1 -3.32978 -0.199999$
0.382681 0.670224 0.723881,0 -3.32978 0.8,1 -3.32978 -0.199999$
0.980785 -1.32978 -0.00490904,0.382681 0.670224 0.723881,1 -3.32978 -0.199999$
0.382681 0.670224 0.723881,0 -3.32978 0.8,1 -3.32978 -0.199999$
0.980785 -1.32978 -0.00490904,0.382681 0.670224 0.723881,1 -3.32978 -0.199999$
0.382681 0.670224 0.723881,0 -3.32978 0.8,1 -3.32978 -0.199999$
0.980785 -1.32978 -0.00490904,0.382681 0.670224 0.723881,1 -3.32978 -0.199999$
0.382681 0.670224 0.723881,0 -3.32978 0.8,1 -3.32978 -0.199999$
0.980785 -1.32978 -0.00490904,0.382681 0.670224 0.723881,1 -3.32978 -0.199999$
0.382681 0.670224 0.723881,0 -3.32978 0.8,1 -3.32978 -0.199999$
0.980785 -1.32978 -0.00490904,0.382681 0.670224 0.723881,1 -3.32978 -0.199999$
0.382681 0.670224 0.723881,0 -3.32978 0.8,1 -3.32978 -0.199999$
0.980785 -1.32978 -0.00490904,0.382681 0.670224 0.723881,1 -3.32978 -0.199999$
0.382681 0.670224 0.723881,0 -3.32978 0.8,1 -3.32978 -0.199999$
0.980785 -1.32978 -0.00490904,0.382681 0.670224 0.723881,1 -3.32978 -0.199999$
0.382681 0.670224 0.723881,0 -3.32978 0.8,1 -3.32978 -0.199999$
0.980785 -1.32978 -0.00490904,0.382681 0.670224 0.723881,1 -3.32978 -0.199999$
0.382681 0.670224 0.723881,0 -3.32978 0.8,1 -3.32978 -0.199999$
0.980785 -1.32978 -0.00490904,0.382681 0.670224 0.723881,1 -3.32978 -0.199999$
0.382681 0.670224 0.723881,0 -3.32978 0.8,1 -3.32978 -0.199999$
0.980785 -1.32978 -0.00490904,0.382681 0.670224 0.723881,1 -3.32978 -0.199999$
0.382681 0.670224 0.723881,0 -3.32978 0.8,1 -3.32978 -0.199999$
0.980785 -1.32978 -0.00490904,0.382681 0.670224 0.723881,1 -3.32978 -0.199999$
0.382681 0.670224 0.723881,0 -3.32978 0.8,1 -3.32978 -0.199999$
0 -3.32978 0.8,0.980785 -3.32978 -0.00490904,1 -3.32978 -0.199999$
0.980785 -3.32978 -0.00490904,0.382681 0.670224 0.723881,1 -3.32978 -0.199999$
0.382681 0.670224 0.723881,0 -3.32978 0.8,1 -3.32978 -0.199999$
0.980785 -1.32978 -0.00490904,0.382681 0.670224 0.723881,1 -3.32978 -0.199999$
0.382681 0.670224 0.723881,0 -3.32978 0.8,1 -3.32978 -0.199999$
0 -3.32978 0.8,0.980785 -3.32978 -0.00490904,1 -3.32978 -0.199999$
0.980785 -3.32978 -0.00490904,0.382681 0.670224 0.723881,1 -3.32978 -0.199999$
0.382681 0.670224 0.723881,0 -3.32978 0.8,1 -3.32978 -0.199999$
0.980785 -1.32978 -0.00490904,0.382681 0.670224 0.723881,1 -3.32978 -0.199999$
0.382681 0.670224 0.723881,0 -3.32978 0.8,1 -3.32978 -0.199999$
0 -3.32978 0.8,0.980785 -3.32978 -0.00490904,1 -3.32978 -0.199999$
0.980785 -3.32978 -0.00490904,0.382681 0.670224 0.723881,1 -3.32978 -0.199999$
0.382681 0.670224 0.723881,0 -3.32978 0.8,1 -3.32978 -0.199999$
0.555571 -3.32978 -3.03147,0.707107 0.670224 -2.9071,1 -3.32978 -0.199999$
0.707107 0.670224 -2.9071,0.382681 0.670224 0.723881,1 -3.32978 -0.199999$
0.382681 0.670224 0.723881,0.555571 -3.32978 -3.03147,1 -3.32978 -0.199999$
0.555571 -3.32978 -3.03147,0.707107 0.670224 -2.9071,1 -3.32978 -0.199999$
0.707107 0.670224 -2.9071,0.382681 0.670224 0.723881,1 -3.32978 -0.199999$
0.382681 0.670224 0.723881,0.555571 -3.32978 -3.03147,1 -3.32978 -0.199999$
0.555571 -3.32978 -3.03147,0.707107 0.670224 -2.9071,1 -3.32978 -0.199999$
0.707107 0.670224 -2.9071,0.382681 0.670224 0.723881,1 -3.32978 -0.199999$
0.382681 0.670224 0.723881,0.555571 -3.32978 -3.03147,1 -3.32978 -0.199999$
0.555571 -3.32978 -3.03147,0.707107 0.670224 -2.9071,1 -3.32978 -0.199999$
0.707107 0.670224 -2.9071,0.382681 0.670224 0.723881,1 -3.32978 -0.199999$
0.382681 0.670224 0.723881,0.555571 -3.32978 -3.03147,1 -3.32978 -0.199999$
0.980785 -1.32978 -0.00490904,0.382681 0.670224 0.723881,1 -3.32978 -0.199999$
0.382681 0.670224 0.723881,0 -3.32978 0.8,1 -3.32978 -0.199999$
0.980785 -1.32978 -0.00490904,0.382681 0.670224 0.723881,1 -3.32978 -0.199999$
0.382681 0.670224 0.723881,0 -3.32978 0.8,1 -3.32978 -0.199999$
0.980785 -1.32978 -0.00490904,0.382681 0.670224 0.723881,1 -3.32978 -0.199999$
0.382681 0.670224 0.723881,0 -3.32978 0.8,1 -3.32978 -0.199999$
0.980785 -1.32978 -0.00490904,0.382681 0.670224 0.723881,1 -3.32978 -0.199999$
0.382681 0.670224 0.723881,0 -3.32978 0.8,1 -3.32978 -0.199999$
0.980785 -1.32978 -0.00490904,0.382681 0.670224 0.723881,1 -3.32978 -0.199999$
0.382681 0.670224 0.723881,0 -3.32978 0.8,1 -3.32978 -0.199999$
0.980785 -1.32978 -0.00490904,0.382681 0.670224 0.723881,1 -3.32978 -0.199999$
0.382681 0.670224 0.723881,0 -3.32978 0.8,1 -3.32978 -0.199999$
0.980785 -1.32978 -0.00490904,0.382681 0.670224 0.723881,1 -3.32978 -0.199999$
0.382681 0.670224 0.723881,0 -3.32978 0.8,1 -3.32978 -0.199999$
0.980785 -1.32978 -0.00490904,0.382681 0.670224 0.723881,1 -3.32978 -0.199999$
0.382681 0.670224 0.723881,0 -3.32978 0.8,1 -3.32978 -0.199999$
0.980785 -1.32978 -0.00490904,0.382681 0.670224 0.723881,1 -3.32978 -0.199999$
0.382681 0.670224 0.723881,0 -3.32978 0.8,1 -3.32978 -0.199999$
0.980785 -1.32978 -0.00490904,0.382681 0.670224 0.723881,1 -3.32978 -0.199999$
0.382681 0.670224 0.723881,0 -3.32978 0.8,1 -3.32978 -0.199999$
0.980785 -1.32978 -0.00490904,0.382681 0.670224 0.723881,1 -3.32978 -0.199999$
0.382681 0.670224 0.723881,0 -3.32978 0.8,1 -3.32978 -0.199999$
0.980785 -1.32978 -0.00490904,0.382681 0.670224 0.723881,1 -3.32978 -0.199999$
0.382681 0.670224 0.723881,0 -3.32978 0.8,1 -3.32978 -0.199999$
0.980785 -1.32978 -0.00490904,0.382681 0.670224 0.723881,1 -3.32978 -0.199999$
0.382681 0.670224 0.723881,0 -3.32978 0.8,1 -3.32978 -0.199999$
0.980785 -1.32978 -0.00490904,0.382681 0.670224 0.723881,1 -3.32978 -0.199999$
0.382681 0.670224 0.723881,0 -3.32978 0.8,1 -3.32978 -0.199999$
0.980785 -1.32978 -0.00490904,0.382681 0.670224 0.723881,1 -3.32978 -0.199999$
0.382681 0.670224 0.723881,0 -3.32978 0.8,1 -3.32978 -0.199999$
0.980785 -1.32978 -0.00490904,0.382681 0.670224 0.723881,1 -3.32978 -0.199999$
0.382681 0.670224 0.723881,0 -3.32978 0.8,1 -3.32978 -0.199999$
0.980785 -1.32978 -0.00490904,0.382681 0.670224 0.723881,1 -3.32978 -0.199999$
0.382681 0.670224 0.723881,0 -3.32978 0.8,1 -3.32978 -0.199999$
0 0.670224 -3.2,0.980784 0.670224 -0.00490808,1 -3.32978 -0.199999$
0.999999 0.670224 -0.199998,0.980785 -3.32978 -2.39509,1 -3.32978 -0.199999$
0 0.670224 -3.2,0.999999 0.670224 -0.199998,1 -3.32978 -0.199999$
0.980784 0.670224 -0.00490808,0.980785 -1.32978 -0.00490904,1 -3.32978 -0.199999$
0 0.670224 -3.2,0.980784 0.670224 -0.00490808,1 -3.32978 -0.199999$
0 0.670224 -3.2,0.980785 -1.32978 -0.00490904,1 -3.32978 -0.199999$
0 0.670224 -3.2,0.980785 -1.32978 -0.00490904,1 -3.32978 -0.199999$
0 0.670224 -3.2,0.980785 -1.32978 -0.00490904,1 -3.32978 -0.199999$
0 0.670224 -3.2,0.980785 -1.32978 -0.00490904,1 -3.32978 -0.199999$
0 0.670224 -3.2,0.980785 -1.32978 -0.00490904,1 -3.32978 -0.199999$
0 0.670224 -3.2,0.980785 -1.32978 -0.00490904,1 -3.32978 -0.199999$
0 0.670224 -3.2,0.980785 -1.32978 -0.00490904,1 -3.32978 -0.199999$
0 0.670224 -3.2,0.980785 -1.32978 -0.00490904,1 -3.32978 -0.199999$
0 0.670224 -3.2,0.980785 -1.32978 -0.00490904,1 -3.32978 -0.199999$
0 0.670224 -3.2,0.980785 -1.32978 -0.00490904,1 -3.32978 -0.199999$
0 0.670224 -3.2,0.980785 -1.32978 -0.00490904,1 -3.32978 -0.199999$
0 0.670224 -3.2,0.980785 -1.32978 -0.00490904,1 -3.32978 -0.199999$
0 0.670224 -3.2,0.980785 -1.32978 -0.00490904,1 -3.32978 -0.199999$
0 0.670224 -3.2,0.382681 0.670224 0.723881,1 -3.32978 -0.199999$
0.382681 0.670224 0.723881,0 -3.32978 0.8,1 -3.32978 -0.199999$
0 -3.32978 0.8,0 0.670224 -3.2,1 -3.32978 -0.199999$
0 0.670224 -3.2,0.382681 0.670224 0.723881,1 -3.32978 -0.199999$
0.382681 0.670224 0.723881,0 -3.32978 0.8,1 -3.32978 -0.199999$
0 -3.32978 0.8,0 0.670224 -3.2,1 -3.32978 -0.199999$
0 0.670224 -3.2,0.382681 0.670224 0.723881,1 -3.32978 -0.199999$
0.382681 0.670224 0.723881,0 -3.32978 0.8,1 -3.32978 -0.199999$
0 -3.32978 0.8,0 0.670224 -3.2,1 -3.32978 -0.199999$
0 0.670224 -3.2,0.382681 0.670224 0.723881,1 -3.32978 -0.199999$
0.382681 0.670224 0.723881,0 -3.32978 0.8,1 -3.32978 -0.199999$
0 -3.32978 0.8,0 0.670224 -3.2,1 -3.32978 -0.199999$
0 0.670224 -3.2,0.382681 0.670224 0.723881,1 -3.32978 -0.199999$
0.382681 0.670224 0.723881,0 -3.32978 0.8,1 -3.32978 -0.199999$
0 -3.32978 0.8,0 0.670224 -3.2,1 -3.32978 -0.199999$
0 0.670224 -3.2,0.382681 0.670224 0.723881,1 -3.32978 -0.199999$
0.382681 0.670224 0.723881,0 -3.32978 0.8,1 -3.32978 -0.199999$
0 -3.32978 0.8,0 0.670224 -3.2,1 -3.32978 -0.199999$
0 0.670224 -3.2,0.382681 0.670224 0.723881,1 -3.32978 -0.199999$
0.382681 0.670224 0.723881,0 -3.32978 0.8,1 -3.32978 -0.199999$
0 -3.32978 0.8,0 0.670224 -3.2,1 -3.32978 -0.199999$
0 0.670224 -3.2,0.382681 0.670224 0.723881,1 -3.32978 -0.199999$
0 0.670224 -3.2,0.980785 -1.32978 -0.00490904,1 -3.32978 -0.199999$
0.980785 -1.32978 -0.00490904,0.980785 -3.32978 -0.00490904,1 -3.32978 -0.199999$
0 0.670224 -3.2,0.980785 -1.32978 -0.00490904,1 -3.32978 -0.199999$
0 0.670224 -3.2,0.980785 -1.32978 -0.00490904,1 -3.32978 -0.199999$
0.980785 -1.32978 -0.00490904,0.980785 -3.32978 -0.00490904,1 -3.32978 -0.199999$
0 0.670224 -3.2,0.980785 -1.32978 -0.00490904,1 -3.32978 -0.199999$
0 0.670224 -3.2,0.980785 -1.32978 -0.00490904,1 -3.32978 -0.199999$
0 0.670224 -3.2,0.980785 -1.32978 -0.00490904,1 -3.32978 -0.199999$
0 0.670224 -3.2,0.980785 -1.32978 -0.00490904,1 -3.32978 -0.199999$
0 0.670224 -3.2,0.980785 -1.32978 -0.00490904,1 -3.32978 -0.199999$
0 0.670224 -3.2,0.980785 -1.32978 -0.00490904,1 -3.32978 -0.199999$
0 0.670224 -3.2,0.980785 -1.32978 -0.00490904,1 -3.32978 -0.199999$
0 0.670224 -3.2,0.980785 -1.32978 -0.00490904,1 -3.32978 -0.199999$
0 0.670224 -3.2,0.980785 -1.32978 -0.00490904,1 -3.32978 -0.199999$
0.382681 0.670224 0.723881,0.195089 -1.32978 0.780786,1 -3.32978 -0.199999$
0 0.670224 -3.2,0.382681 0.670224 0.723881,1 -3.32978 -0.199999$
0.195089 -1.32978 0.780786,0 -3.32978 0.8,1 -3.32978 -0.199999$
0 -3.32978 0.8,0 0.670224 -3.2,1 -3.32978 -0.199999$
0.382681 0.670224 0.723881,0.195089 -1.32978 0.780786,1 -3.32978 -0.199999$
0.195089 -1.32978 0.780786,0 0.670224 -3.2,1 -3.32978 -0.199999$
0 0.670224 -3.2,0.382681 0.670224 0.723881,1 -3.32978 -0.199999$
0 0.670224 -3.2,0.980785 -1.32978 -0.00490904,1 -3.32978 -0.199999$
0 0.670224 -3.2,0.980785 -1.32978 -0.00490904,1 -3.32978 -0.199999$
0 0.670224 -3.2,0.980785 -1.32978 -0.00490904,1 -3.32978 -0.199999$
0 0.670224 -3.2,0.980785 -1.32978 -0.00490904,1 -3.32978 -0.199999$
0 0.670224 -3.2,0.980785 -1.32978 -0.00490904,1 -3.32978 -0.199999$
0 0.670224 -3.2,0.980785 -1.32978 -0.00490904,1 -3.32978 -0.199999$
0 0.670224 -3.2,0.980785 -1.32978 -0.00490904,1 -3.32978 -0.199999$
0 0.670224 -3.2,0.980785 -1.32978 -0.00490904,1 -3.32978 -0.199999$
0 0.670224 -3.2,0.980785 -1.32978 -0.00490904,1 -3.32978 -0.199999$
0 0.670224 -3.2,0.980785 -1.32978 -0.00490904,1 -3.32978 -0.199999$
0 0.670224 -3.2,0.980785 -1.32978 -0.00490904,1 -3.32978 -0.199999$
0 0.670224 -3.2,0.980785 -1.32978 -0.00490904,1 -3.32978 -0.199999$
0 0.670224 -3.2,0.980785 -1.32978 -0.00490904,1 -3.32978 -0.199999$
0 0.670224 -3.2,0.980785 -1.32978 -0.00490904,1 -3.32978 -0.199999$
0 0.670224 -3.2,0.980785 -1.32978 -0.00490904,1 -3.32978 -0.199999$
0 -3.32978 0.8,-2.55557 0.670224 0.63147,1 -3.32978 -0.199999$
0 -3.32978 0.8,-2.55557 0.670224 0.63147,1 -3.32978 -0.199999$
0 -3.32978 0.8,-2.55557 0.670224 0.63147,1 -3.32978 -0.199999$
-2.55557 0.670224 0.63147,-3 -3.32978 -2.2,1 -3.32978 -0.199999$
0 -3.32978 0.8,-2.55557 0.670224 0.63147,1 -3.32978 -0.199999$
-2.55557 0.670224 0.63147,-3 -3.32978 -2.2,1 -3.32978 -0.199999$
0 -3.32978 0.8,-2.55557 0.670224 0.63147,1 -3.32978 -0.199999$
-2.55557 0.670224 0.63147,-3 -3.32978 -2.2,1 -3.32978 -0.199999$
0 -3.32978 0.8,-2.55557 0.670224 0.63147,1 -3.32978 -0.199999$
-2.55557 0.670224 0.63147,-3 -3.32978 -2.2,1 -3.32978 -0.199999$
0 -3.32978 0.8,-2.55557 0.670224 0.63147,1 -3.32978 -0.199999$
-2.55557 0.670224 0.63147,-3 -3.32978 -2.2,1 -3.32978 -0.199999$
0 -3.32978 0.8,-2.55557 0.670224 0.63147,1 -3.32978 -0.199999$
-2.55557 0.670224 0.63147,-3 -3.32978 -2.2,1 -3.32978 -0.199999$
0 -3.32978 0.8,-2.55557 0.670224 0.63147,1 -3.32978 -0.199999$
-2.55557 0.670224 0.63147,-3 -3.32978 -2.2,1 -3.32978 -0.199999$
0 -3.32978 0.8,-2.55557 0.670224 0.63147,1 -3.32978 -0.199999$
-2.55557 0.670224 0.63147,-3 -3.32978 -2.2,1 -3.32978 -0.199999$
0 -3.32978 0.8,-2.55557 0.670224 0.63147,1 -3.32978 -0.199999$
-2.55557 0.670224 0.63147,-3 -3.32978 -2.2,1 -3.32978 -0.199999$
0 -3.32978 0.8,-2.55557 0.670224 0.63147,1 -3.32978 -0.199999$
-2.55557 0.670224 0.63147,-3 -3.32978 -2.2,1 -3.32978 -0.199999$
0 -3.32978 0.8,-2.55557 0.670224 0.63147,1 -3.32978 -0.199999$
-2.55557 0.670224 0.63147,-3 -3.32978 -2.2,1 -3.32978 -0.199999$
0 -3.32978 0.8,-2.55557 0.670224 0.63147,1 -3.32978 -0.199999$
-2.55557 0.670224 0.63147,-3 -3.32978 -2.2,1 -3.32978 -0.199999$
0 -3.32978 0.8,-2.55557 0.670224 0.63147,1 -3.32978 -0.199999$
-2.55557 0.670224 0.63147,-3 -3.32978 -2.2,1 -3.32978 -0.199999$
0 -3.32978 0.8,-2.70711 0.670224 0.507107,1 -3.32978 -0.199999$
-2.70711 0.670224 0.507107,-3 -3.32978 -2.2,1 -3.32978 -0.199999$
0 -3.32978 0.8,-2.70711 0.670224 0.507107,1 -3.32978 -0.199999$
-2.70711 0.670224 0.507107,-3 -3.32978 -2.2,1 -3.32978 -0.199999$
0 -3.32978 0.8,-2.55557 0.670224 0.63147,1 -3.32978 -0.199999$
-2.55557 0.670224 0.63147,-3 -3.32978 -2.2,1 -3.32978 -0.199999$
0 -3.32978 0.8,-2.70711 0.670224 0.507107,1 -3.32978 -0.199999$
-2.70711 0.670224 0.507107,-3 -3.32978 -2.2,1 -3.32978 -0.199999$
0 -3.32978 0.8,-2.55557 0.670224 0.63147,1 -3.32978 -0.199999$
-2.55557 0.670224 0.63147,-3 -3.32978 -2.2,1 -3.32978 -0.199999$
0 -3.32978 0.8,-2.70711 0.670224 0.507107,1 -3.32978 -0.199999$
-2.70711 0.670224 0.507107,-3 -3.32978 -2.2,1 -3.32978 -0.199999$
0 -3.32978 0.8,-2.55557 0.670224 0.63147,1 -3.32978 -0.199999$
-2.55557 0.670224 0.63147,-3 -3.32978 -2.2,1 -3.32978 -0.199999$
0 -3.32978 0.8,-2.55557 0.670224 0.63147,1 -3.32978 -0.199999$
-2.55557 0.670224 0.63147,-3 -3.32978 -2.2,1 -3.32978 -0.199999$
0 -3.32978 0.8,-2.55557 0.670224 0.63147,1 -3.32978 -0.199999$
-2.55557 0.670224 0.63147,-3 -3.32978 -2.2,1 -3.32978 -0.199999$
0 -3.32978 0.8,-2.55557 0.670224 0.63147,1 -3.32978 -0.199999$
-2.55557 0.670224 0.63147,-3 -3.32978 -2.2,1 -3.32978 -0.199999$
0 -3.32978 0.8,-2.55557 0.670224 0.63147,1 -3.32978 -0.199999$
-2.55557 0.670224 0.63147,-3 -3.32978 -2.2,1 -3.32978 -0.199999$
0 -3.32978 0.8,-2.55557 0.670224 0.63147,1 -3.32978 -0.199999$
-2.55557 0.670224 0.63147,-3 -3.32978 -2.2,1 -3.32978 -0.199999$
0 -3.32978 0.8,-2.55557 0.670224 0.63147,1 -3.32978 -0.199999$
-2.55557 0.670224 0.63147,-3 -3.32978 -2.2,1 -3.32978 -0.199999$
0 -3.32978 0.8,-2.55557 0.670224 0.63147,1 -3.32978 -0.199999$
-2.55557 0.670224 0.63147,-3 -3.32978 -2.2,1 -3.32978 -0.199999$
0 -3.32978 0.8,-2.55557 0.670224 0.63147,1 -3.32978 -0.199999$
-2.55557 0.670224 0.63147,-3 -3.32978 -2.2,1 -3.32978 -0.199999$
0 -3.32978 0.8,-2.55557 0.670224 0.63147,1 -3.32978 -0.199999$
-2.55557 0.670224 0.63147,-3 -3.32978 -2.2,1 -3.32978 -0.199999$
0 -3.32978 0.8,-2.55557 0.670224 0.63147,1 -3.32978 -0.199999$
-2.55557 0.670224 0.63147,-3 -3.32978 -2.2,1 -3.32978 -0.199999$
0 -3.32978 0.8,-2.55557 0.670224 0.63147,1 -3.32978 -0.199999$
-2.55557 0.670224 0.63147,-3 -3.32978 -2.2,1 -3.32978 -0.199999$
0 -3.32978 0.8,-2.55557 0.670224 0.63147,1 -3.32978 -0.199999$
-2.55557 0.670224 0.63147,-3 -3.32978 -2.2,1 -3.32978 -0.199999$
0 -3.32978 0.8,-2.55557 0.670224 0.63147,1 -3.32978 -0.199999$
-2.55557 0.670224 0.63147,-3 -3.32978 -2.2,1 -3.32978 -0.199999$
0 -3.32978 0.8,-2.55557 0.670224 0.63147,1 -3.32978 -0.199999$
-2.55557 0.670224 0.63147,-3 -3.32978 -2.2,1 -3.32978 -0.199999$
0 -3.32978 0.8,-2.55557 0.670224 0.63147,1 -3.32978 -0.199999$
-2.55557 0.670224 0.63147,-3 -3.32978 -2.2,1 -3.32978 -0.199999$
0 -3.32978 0.8,-2.55557 0.670224 0.63147,1 -3.32978 -0.199999$
-2.55557 0.670224 0.63147,-3 -3.32978 -2.2,1 -3.32978 -0.199999$
0 -3.32978 0.8,-2.55557 0.670224 0.63147,1 -3.32978 -0.199999$
-2.55557 0.670224 0.63147,-3 -3.32978 -2.2,1 -3.32978 -0.199999$
0 -3.32978 0.8,-2.55557 0.670224 0.63147,1 -3.32978 -0.199999$
-2.55557 0.670224 0.63147,-3 -3.32978 -2.2,1 -3.32978 -0.199999$
0 -3.32978 0.8,-2.55557 0.670224 0.63147,1 -3.32978 -0.199999$
-2.55557 0.670224 0.63147,-3 -3.32978 -2.2,1 -3.32978 -0.199999$
0 -3.32978 0.8,-2.55557 0.670224 0.63147,1 -3.32978 -0.199999$
-2.55557 0.670224 0.63147,-3 -3.32978 -2.2,1 -3.32978 -0.199999$
0 -3.32978 0.8,-2.55557 0.670224 0.63147,1 -3.32978 -0.199999$
-2.55557 0.670224 0.63147,-3 -3.32978 -2.2,1 -3.32978 -0.199999$
0 -3.32978 0.8,-2.55557 0.670224 0.63147,1 -3.32978 -0.199999$
-2.55557 0.670224 0.63147,-3 -3.32978 -2.2,1 -3.32978 -0.199999$
0 -3.32978 0.8,-2.55557 0.670224 0.63147,1 -3.32978 -0.199999$
-2.55557 0.670224 0.63147,-3 -3.32978 -2.2,1 -3.32978 -0.199999$
0.980785 -1.32978 -0.00490904,-2.70711 -3.32978 0.507107,1 -3.32978 -0.199999$
-2.70711 -3.32978 0.507107,-3 -3.32978 -2.2,1 -3.32978 -0.199999$
0.980785 -1.32978 -0.00490904,-2.70711 -3.32978 0.507107,1 -3.32978 -0.199999$
-2.70711 -3.32978 0.507107,-3 -3.32978 -2.2,1 -3.32978 -0.199999$
0.980785 -1.32978 -0.00490904,-2.70711 -3.32978 0.507107,1 -3.32978 -0.199999$
-2.70711 -3.32978 0.507107,-3 -3.32978 -2.2,1 -3.32978 -0.199999$
0.980785 -1.32978 -0.00490904,-2.70711 -3.32978 0.507107,1 -3.32978 -0.199999$
-2.70711 -3.32978 0.507107,-3 -3.32978 -2.2,1 -3.32978 -0.199999$
0.980785 -3.32978 -2.39509,0.980785 -3.32978 -0.00490904,1 -3.32978 -0.199999$
0.980785 -3.32978 -0.00490904,-3 -3.32978 -2.2,1 -3.32978 -0.199999$
0.980785 -1.32978 -0.00490904,-2.70711 -3.32978 0.507107,1 -3.32978 -0.199999$
-2.70711 -3.32978 0.507107,-3 -3.32978 -2.2,1 -3.32978 -0.199999$
0.980785 -1.32978 -0.00490904,-2.70711 -3.32978 0.507107,1 -3.32978 -0.199999$
-2.70711 -3.32978 0.507107,-3 -3.32978 -2.2,1 -3.32978 -0.199999$
0.980785 -1.32978 -0.00490904,-2.70711 -3.32978 0.507107,1 -3.32978 -0.199999$
-2.70711 -3.32978 0.507107,-3 -3.32978 -2.2,1 -3.32978 -0.199999$
0.980785 -1.32978 -0.00490904,-2.70711 -3.32978 0.507107,1 -3.32978 -0.199999$
-2.70711 -3.32978 0.507107,-3 -3.32978 -2.2,1 -3.32978 -0.199999$
0.980785 -1.32978 -0.00490904,-2.70711 -3.32978 0.507107,1 -3.32978 -0.199999$
-2.70711 -3.32978 0.507107,-3 -3.32978 -2.2,1 -3.32978 -0.199999$
-2.98078 0.670224 -2.39509,0.555571 -3.32978 -3.03147,1 -3.32978 -0.199999$
-3 -3.32978 -2.2,-2.98078 0.670224 -2.39509,1 -3.32978 -0.199999$
0.707107 0.670224 -2.9071,0.382681 0.670224 0.723881,1 -3.32978 -0.199999$
0.382681 0.670224 0.723881,-2.55557 0.670224 0.63147,1 -3.32978 -0.199999$
-2.55557 0.670224 0.63147,-3 -3.32978 -2.2,1 -3.32978 -0.199999$
0.707107 0.670224 -2.9071,0.382681 0.670224 0.723881,1 -3.32978 -0.199999$
0.382681 0.670224 0.723881,-2.55557 0.670224 0.63147,1 -3.32978 -0.199999$
-2.55557 0.670224 0.63147,-3 -3.32978 -2.2,1 -3.32978 -0.199999$
0.707107 0.670224 -2.9071,0.382681 0.670224 0.723881,1 -3.32978 -0.199999$
0.382681 0.670224 0.723881,-2.55557 0.670224 0.63147,1 -3.32978 -0.199999$
-2.55557 0.670224 0.63147,-3 -3.32978 -2.2,1 -3.32978 -0.199999$
-2.55557 0.670224 0.63147,-2.70711 0.670224 0.507107,1 -3.32978 -0.199999$
-2.70711 0.670224 0.507107,-3 -3.32978 -2.2,1 -3.32978 -0.199999$
0.382681 0.670224 0.723881,-2.55557 0.670224 0.63147,1 -3.32978 -0.199999$
-2.55557 0.670224 0.63147,-3 -3.32978 -2.2,1 -3.32978 -0.199999$
-2.98078 0.670224 -2.39509,0 0.670224 -3.2,1 -3.32978 -0.199999$
-3 -3.32978 -2.2,-2.98078 0.670224 -2.39509,1 -3.32978 -0.199999$
-2.98078 0.670224 -2.39509,0 0.670224 -3.2,1 -3.32978 -0.199999$
-3 -3.32978 -2.2,-2.98078 0.670224 -2.39509,1 -3.32978 -0.199999$
-2.98078 0.670224 -2.39509,0 0.670224 -3.2,1 -3.32978 -0.199999$
-3 -3.32978 -2.2,-2.98078 0.670224 -2.39509,1 -3.32978 -0.199999$
-2.98078 0.670224 -2.39509,0 0.670224 -3.2,1 -3.32978 -0.199999$
-3 -3.32978 -2.2,-2.98078 0.670224 -2.39509,1 -3.32978 -0.199999$
-2.98078 0.670224 -2.39509,0 0.670224 -3.2,1 -3.32978 -0.199999$
-3 -3.32978 -2.2,-2.98078 0.670224 -2.39509,1 -3.32978 -0.199999$
-2.98078 0.670224 -2.39509,0 0.670224 -3.2,1 -3.32978 -0.199999$
-3 -3.32978 -2.2,-2.98078 0.670224 -2.39509,1 -3.32978 -0.199999$
-2.98078 0.670224 -2.39509,0 0.670224 -3.2,1 -3.32978 -0.199999$
-3 -3.32978 -2.2,-2.98078 0.670224 -2.39509,1 -3.32978 -0.199999$
-2.98078 0.670224 -2.39509,0 0.670224 -3.2,1 -3.32978 -0.199999$
-3 -3.32978 -2.2,-2.98078 0.670224 -2.39509,1 -3.32978 -0.199999$
-2.98078 0.670224 -2.39509,0 0.670224 -3.2,1 -3.32978 -0.199999$
-3 -3.32978 -2.2,-2.98078 0.670224 -2.39509,1 -3.32978 -0.199999$
-2.98078 0.670224 -2.39509,0 0.670224 -3.2,1 -3.32978 -0.199999$
-3 -3.32978 -2.2,-2.98078 0.670224 -2.39509,1 -3.32978 -0.199999$
-2.98078 0.670224 -2.39509,0 0.670224 -3.2,1 -3.32978 -0.199999$
-3 -3.32978 -2.2,-2.98078 0.670224 -2.39509,1 -3.32978 -0.199999$
-2.98078 0.670224 -2.39509,0 0.670224 -3.2,1 -3.32978 -0.199999$
-3 -3.32978 -2.2,-2.98078 0.670224 -2.39509,1 -3.32978 -0.199999$
-2.98078 0.670224 -2.39509,0 0.670224 -3.2,1 -3.32978 -0.199999$
-3 -3.32978 -2.2,-2.98078 0.670224 -2.39509,1 -3.32978 -0.199999$
0 0.670224 -3.2,0.555571 0.670224 -3.03147,1 -3.32978 -0.199999$
-2.98078 0.670224 -2.39509,0 0.670224 -3.2,1 -3.32978 -0.199999$
-3 -3.32978 -2.2,-2.98078 0.670224 -2.39509,1 -3.32978 -0.199999$
-2.98078 0.670224 -2.39509,0 0.670224 -3.2,1 -3.32978 -0.199999$
-3 -3.32978 -2.2,-2.98078 0.670224 -2.39509,1 -3.32978 -0.199999$
-2.98078 0.670224 -2.39509,0 0.670224 -3.2,1 -3.32978 -0.199999$
-3 -3.32978 -2.2,-2.98078 0.670224 -2.39509,1 -3.32978 -0.199999$
-2.98078 0.670224 -2.39509,0 0.670224 -3.2,1 -3.32978 -0.199999$
-3 -3.32978 -2.2,-2.98078 0.670224 -2.39509,1 -3.32978 -0.199999$
-2.98078 0.670224 -2.39509,0 0.670224 -3.2,1 -3.32978 -0.199999$
-3 -3.32978 -2.2,-2.98078 0.670224 -2.39509,1 -3.32978 -0.199999$
-2.98078 0.670224 -2.39509,0 0.670224 -3.2,1 -3.32978 -0.199999$
-3 -3.32978 -2.2,-2.98078 0.670224 -2.39509,1 -3.32978 -0.199999$
-2.98078 0.670224 -2.39509,0 0.670224 -3.2,1 -3.32978 -0.199999$
-3 -3.32978 -2.2,-2.98078 0.670224 -2.39509,1 -3.32978 -0.199999$
-2.98078 0.670224 -2.39509,0 0.670224 -3.2,1 -3.32978 -0.199999$
-3 -3.32978 -2.2,-2.98078 0.670224 -2.39509,1 -3.32978 -0.199999$
-2.98078 0.670224 -2.39509,0 0.670224 -3.2,1 -3.32978 -0.199999$
-3 -3.32978 -2.2,-2.98078 0.670224 -2.39509,1 -3.32978 -0.199999$
-2.98078 0.670224 -2.39509,0 0.670224 -3.2,1 -3.32978 -0.199999$
-3 -3.32978 -2.2,-2.98078 0.670224 -2.39509,1 -3.32978 -0.199999$
-2.98078 0.670224 -2.39509,0 0.670224 -3.2,1 -3.32978 -0.199999$
-3 -3.32978 -2.2,-2.98078 0.670224 -2.39509,1 -3.32978 -0.199999$
-2.98078 0.670224 -2.39509,0 0.670224 -3.2,1 -3.32978 -0.199999$
-3 -3.32978 -2.2,-2.98078 0.670224 -2.39509,1 -3.32978 -0.199999$
-2.98078 0.670224 -2.39509,0 0.670224 -3.2,1 -3.32978 -0.199999$
-3 -3.32978 -2.2,-2.98078 0.670224 -2.39509,1 -3.32978 -0.199999$
0 0.670224 -3.2,0.707107 0.670224 -2.9071,1 -3.32978 -0.199999$
-2.98078 0.670224 -2.39509,0 0.670224 -3.2,1 -3.32978 -0.199999$
-3 -3.32978 -2.2,-2.98078 0.670224 -2.39509,1 -3.32978 -0.199999$
0 0.670224 -3.2,0.707107 0.670224 -2.9071,1 -3.32978 -0.199999$
-2.98078 0.670224 -2.39509,0 0.670224 -3.2,1 -3.32978 -0.199999$
-3 -3.32978 -2.2,-2.98078 0.670224 -2.39509,1 -3.32978 -0.199999$
0 0.670224 -3.2,0.707107 0.670224 -2.9071,1 -3.32978 -0.199999$
-2.98078 0.670224 -2.39509,0 0.670224 -3.2,1 -3.32978 -0.199999$
-3 -3.32978 -2.2,-2.98078 0.670224 -2.39509,1 -3.32978 -0.199999$
0 0.670224 -3.2,0.707107 0.670224 -2.9071,1 -3.32978 -0.199999$
-2.98078 0.670224 -2.39509,0 0.670224 -3.2,1 -3.32978 -0.199999$
-3 -3.32978 -2.2,-2.98078 0.670224 -2.39509,1 -3.32978 -0.199999$
0 0.670224 -3.2,0.707107 0.670224 -2.9071,1 -3.32978 -0.199999$
-2.98078 0.670224 -2.39509,0 0.670224 -3.2,1 -3.32978 -0.199999$
-3 -3.32978 -2.2,-2.98078 0.670224 -2.39509,1 -3.32978 -0.199999$
0 0.670224 -3.2,0.707107 0.670224 -2.9071,1 -3.32978 -0.199999$
-2.98078 0.670224 -2.39509,0 0.670224 -3.2,1 -3.32978 -0.199999$
-3 -3.32978 -2.2,-2.98078 0.670224 -2.39509,1 -3.32978 -0.199999$
0 0.670224 -3.2,0.707107 0.670224 -2.9071,1 -3.32978 -0.199999$
-2.98078 0.670224 -2.39509,0 0.670224 -3.2,1 -3.32978 -0.199999$
-3 -3.32978 -2.2,-2.98078 0.670224 -2.39509,1 -3.32978 -0.199999$
0 0.670224 -3.2,0.707107 0.670224 -2.9071,1 -3.32978 -0.199999$
-2.98078 0.670224 -2.39509,0 0.670224 -3.2,1 -3.32978 -0.199999$
-3 -3.32978 -2.2,-2.98078 0.670224 -2.39509,1 -3.32978 -0.199999$
0 0.670224 -3.2,0.707107 0.670224 -2.9071,1 -3.32978 -0.199999$
0 0.670224 -3.2,0.707107 0.670224 -2.9071,1 -3.32978 -0.199999$
0 0.670224 -3.2,0.707107 0.670224 -2.9071,1 -3.32978 -0.199999$
0 0.670224 -3.2,0.707107 0.670224 -2.9071,1 -3.32978 -0.199999$
0.555571 -3.32978 -3.03147,-2.70711 -3.32978 0.507107,1 -3.32978 -0.199999$
-2.70711 -3.32978 0.507107,-3 -3.32978 -2.2,1 -3.32978 -0.199999$
0.555571 -3.32978 -3.03147,-2.70711 -3.32978 0.507107,1 -3.32978 -0.199999$
-2.70711 -3.32978 0.507107,-3 -3.32978 -2.2,1 -3.32978 -0.199999$
0.555571 -3.32978 -3.03147,-2.70711 -3.32978 0.507107,1 -3.32978 -0.199999$
-2.70711 -3.32978 0.507107,-3 -3.32978 -2.2,1 -3.32978 -0.199999$
0.555571 -3.32978 -3.03147,-2.70711 -3.32978 0.507107,1 -3.32978 -0.199999$
-2.70711 -3.32978 0.507107,-3 -3.32978 -2.2,1 -3.32978 -0.199999$
0.555571 -3.32978 -3.03147,-2.70711 -3.32978 0.507107,1 -3.32978 -0.199999$
-2.70711 -3.32978 0.507107,-3 -3.32978 -2.2,1 -3.32978 -0.199999$
0.555571 -3.32978 -3.03147,0 -3.32978 0.8,1 -3.32978 -0.199999$
0.555571 -3.32978 -3.03147,0 -3.32978 0.8,1 -3.32978 -0.199999$
0.980785 -3.32978 -0.00490904,-3 -3.32978 -2.2,1 -3.32978 -0.199999$
0 -3.32978 0.8,-2.55557 0.670224 0.63147,1 -3.32978 -0.199999$
-2.55557 0.670224 0.63147,-3 -3.32978 -2.2,1 -3.32978 -0.199999$
0 -3.32978 0.8,-2.70711 -3.32978 0.507107,1 -3.32978 -0.199999$
-2.70711 -3.32978 0.507107,-3 -3.32978 -2.2,1 -3.32978 -0.199999$
0 -3.32978 0.8,-2.70711 -3.32978 0.507107,1 -3.32978 -0.199999$
-2.70711 -3.32978 0.507107,-3 -3.32978 -2.2,1 -3.32978 -0.199999$
0 0.670224 -3.2,0.707107 0.670224 -2.9071,1 -3.32978 -0.199999$
0 0.670224 -3.2,0.707107 0.670224 -2.9071,1 -3.32978 -0.199999$
0 0.670224 -3.2,0.707107 0.670224 -2.9071,1 -3.32978 -0.199999$
0 0.670224 -3.2,0.707107 0.670224 -2.9071,1 -3.32978 -0.199999$
0 0.670224 -3.2,0.707107 0.670224 -2.9071,1 -3.32978 -0.199999$
0 0.670224 -3.2,0.707107 0.670224 -2.9071,1 -3.32978 -0.199999$
0 0.670224 -3.2,0.707107 0.670224 -2.9071,1 -3.32978 -0.199999$
0 0.670224 -3.2,0.707107 0.670224 -2.9071,1 -3.32978 -0.199999$
0 0.670224 -3.2,0.707107 0.670224 -2.9071,1 -3.32978 -0.199999$
0 0.670224 -3.2,0.707107 0.670224 -2.9071,1 -3.32978 -0.199999$
0 0.670224 -3.2,0.707107 0.670224 -2.9071,1 -3.32978 -0.199999$
0 -3.32978 0.8,-2.70711 -3.32978 0.507107,1 -3.32978 -0.199999$
-2.70711 -3.32978 0.507107,-3 -3.32978 -2.2,1 -3.32978 -0.199999$
0 -3.32978 0.8,-2.70711 -3.32978 0.507107,1 -3.32978 -0.199999$
-2.70711 -3.32978 0.507107,-3 -3.32978 -2.2,1 -3.32978 -0.199999$
0 -3.32978 0.8,-2.70711 -3.32978 0.507107,1 -3.32978 -0.199999$
-2.70711 -3.32978 0.507107,-3 -3.32978 -2.2,1 -3.32978 -0.199999$
0 -3.32978 0.8,-2.70711 -3.32978 0.507107,1 -3.32978 -0.199999$
-2.70711 -3.32978 0.507107,-3 -3.32978 -2.2,1 -3.32978 -0.199999$
0 -3.32978 0.8,-2.70711 -3.32978 0.507107,1 -3.32978 -0.199999$
-2.70711 -3.32978 0.507107,-3 -3.32978 -2.2,1 -3.32978 -0.199999$
0 0.670224 -3.2,0.707107 0.670224 -2.9071,1 -3.32978 -0.199999$
0 -3.32978 0.8,-2.70711 -3.32978 0.507107,1 -3.32978 -0.199999$
-2.70711 -3.32978 0.507107,-3 -3.32978 -2.2,1 -3.32978 -0.199999$
0 0.670224 -3.2,0.707107 0.670224 -2.9071,1 -3.32978 -0.199999$
0 -3.32978 0.8,-2.70711 -3.32978 0.507107,1 -3.32978 -0.199999$
-2.70711 -3.32978 0.507107,-3 -3.32978 -2.2,1 -3.32978 -0.199999$
0 0.670224 -3.2,0.707107 0.670224 -2.9071,1 -3.32978 -0.199999$
0 -3.32978 0.8,-2.70711 -3.32978 0.507107,1 -3.32978 -0.199999$
-2.70711 -3.32978 0.507107,-3 -3.32978 -2.2,1 -3.32978 -0.199999$
0 0.670224 -3.2,0.707107 0.670224 -2.9071,1 -3.32978 -0.199999$
0 -3.32978 0.8,-2.70711 -3.32978 0.507107,1 -3.32978 -0.199999$
-2.70711 -3.32978 0.507107,-3 -3.32978 -2.2,1 -3.32978 -0.199999$
0 -3.32978 0.8,-2.70711 -3.32978 0.507107,1 -3.32978 -0.199999$
-2.70711 -3.32978 0.507107,-3 -3.32978 -2.2,1 -3.32978 -0.199999$
0 -3.32978 0.8,-2.70711 -3.32978 0.507107,1 -3.32978 -0.199999$
-2.70711 -3.32978 0.507107,-3 -3.32978 -2.2,1 -3.32978 -0.199999$
0 -3.32978 0.8,-2.70711 -3.32978 0.507107,1 -3.32978 -0.199999$
-2.70711 -3.32978 0.507107,-3 -3.32978 -2.2,1 -3.32978 -0.199999$
0 -3.32978 0.8,-2.70711 -3.32978 0.507107,1 -3.32978 -0.199999$
-2.70711 -3.32978 0.507107,-3 -3.32978 -2.2,1 -3.32978 -0.199999$
0 -3.32978 0.8,-2.70711 -3.32978 0.507107,1 -3.32978 -0.199999$
-2.70711 -3.32978 0.507107,-3 -3.32978 -2.2,1 -3.32978 -0.199999$
0 0.670224 -3.2,0.980785 -1.32978 -0.00490904,1 -3.32978 -0.199999$
0 0.670224 -3.2,0.707107 0.670224 -2.9071,1 -3.32978 -0.199999$
0 -3.32978 0.8,-2.70711 -3.32978 0.507107,1 -3.32978 -0.199999$
-2.70711 -3.32978 0.507107,-3 -3.32978 -2.2,1 -3.32978 -0.199999$
0 0.670224 -3.2,0.980785 -1.32978 -0.00490904,1 -3.32978 -0.199999$
0 -3.32978 0.8,-2.70711 -3.32978 0.507107,1 -3.32978 -0.199999$
-2.70711 -3.32978 0.507107,-3 -3.32978 -2.2,1 -3.32978 -0.199999$
0 0.670224 -3.2,0.980785 -1.32978 -0.00490904,1 -3.32978 -0.199999$
0 0.670224 -3.2,0.707107 0.670224 -2.9071,1 -3.32978 -0.199999$
0 -3.32978 0.8,-2.70711 -3.32978 0.507107,1 -3.32978 -0.199999$
-2.70711 -3.32978 0.507107,-3 -3.32978 -2.2,1 -3.32978 -0.199999$
0 0.670224 -3.2,0.980785 -1.32978 -0.00490904,1 -3.32978 -0.199999$
0 -3.32978 0.8,-2.70711 -3.32978 0.507107,1 -3.32978 -0.199999$
-2.70711 -3.32978 0.507107,-3 -3.32978 -2.2,1 -3.32978 -0.199999$
0 0.670224 -3.2,0.980785 -1.32978 -0.00490904,1 -3.32978 -0.199999$
0 0.670224 -3.2,0.707107 0.670224 -2.9071,1 -3.32978 -0.199999$
0 -3.32978 0.8,-2.70711 -3.32978 0.507107,1 -3.32978 -0.199999$
-2.70711 -3.32978 0.507107,-3 -3.32978 -2.2,1 -3.32978 -0.199999$
0 0.670224 -3.2,0.980785 -1.32978 -0.00490904,1 -3.32978 -0.199999$
0 -3.32978 0.8,-2.70711 -3.32978 0.507107,1 -3.32978 -0.199999$
-2.70711 -3.32978 0.507107,-3 -3.32978 -2.2,1 -3.32978 -0.199999$
0 0.670224 -3.2,0.980785 -1.32978 -0.00490904,1 -3.32978 -0.199999$
0 0.670224 -3.2,0.707107 0.670224 -2.9071,1 -3.32978 -0.199999$
0 0.670224 -3.2,0.980785 -1.32978 -0.00490904,1 -3.32978 -0.199999$
-3 -3.32978 -2.2,0 0.670224 -3.2,1 -3.32978 -0.199999$
0 0.670224 -3.2,0.707107 0.670224 -2.9071,1 -3.32978 -0.199999$
0.707107 0.670224 -2.9071,-3 -3.32978 -2.2,1 -3.32978 -0.199999$
-3 -3.32978 -2.2,0 0.670224 -3.2,1 -3.32978 -0.199999$
0 0.670224 -3.2,0.980785 -1.32978 -0.00490904,1 -3.32978 -0.199999$
-3 -3.32978 -2.2,0 0.670224 -3.2,1 -3.32978 -0.199999$
0 0.670224 -3.2,0.707107 0.670224 -2.9071,1 -3.32978 -0.199999$
0.707107 0.670224 -2.9071,-3 -3.32978 -2.2,1 -3.32978 -0.199999$
-3 -3.32978 -2.2,0 0.670224 -3.2,1 -3.32978 -0.199999$
0 0.670224 -3.2,0.980785 -1.32978 -0.00490904,1 -3.32978 -0.199999$
-3 -3.32978 -2.2,0 0.670224 -3.2,1 -3.32978 -0.199999$
0 0.670224 -3.2,0.707107 0.670224 -2.9071,1 -3.32978 -0.199999$
0.707107 0.670224 -2.9071,-3 -3.32978 -2.2,1 -3.32978 -0.199999$
-3 -3.32978 -2.2,0 0.670224 -3.2,1 -3.32978 -0.199999$
0 0.670224 -3.2,0.980785 -1.32978 -0.00490904,1 -3.32978 -0.199999$
-3 -3.32978 -2.2,0 0.670224 -3.2,1 -3.32978 -0.199999$
0 -3.32978 0.8,-2.70711 -3.32978 0.507107,1 -3.32978 -0.199999$
-2.70711 -3.32978 0.507107,-3 -3.32978 -2.2,1 -3.32978 -0.199999$
0 0.670224 -3.2,0.980785 -1.32978 -0.00490904,1 -3.32978 -0.199999$
-3 -3.32978 -2.2,0 0.670224 -3.2,1 -3.32978 -0.199999$
0 0.670224 -3.2,0.980785 -1.32978 -0.00490904,1 -3.32978 -0.199999$
-3 -3.32978 -2.2,0 0.670224 -3.2,1 -3.32978 -0.199999$
0 0.670224 -3.2,0.980785 -1.32978 -0.00490904,1 -3.32978 -0.199999$
-3 -3.32978 -2.2,0 0.670224 -3.2,1 -3.32978 -0.199999$
0 0.670224 -3.2,0.980785 -1.32978 -0.00490904,1 -3.32978 -0.199999$
-3 -3.32978 -2.2,0 0.670224 -3.2,1 -3.32978 -0.199999$
0 0.670224 -3.2,0.980785 -1.32978 -0.00490904,1 -3.32978 -0.199999$
0.980785 -1.32978 -0.00490904,-3 -3.32978 -2.2,1 -3.32978 -0.199999$
-3 -3.32978 -2.2,0 0.670224 -3.2,1 -3.32978 -0.199999$
-2.98078 0.670224 -2.39509,0 0.670224 -3.2,1 -3.32978 -0.199999$
-3 -3.32978 -2.2,-2.98078 0.670224 -2.39509,1 -3.32978 -0.199999$
0 0.670224 -3.2,0.980785 -1.32978 -0.00490904,1 -3.32978 -0.199999$
0.980785 -1.32978 -0.00490904,-3 -3.32978 -2.2,1 -3.32978 -0.199999$
-3 -3.32978 -2.2,0 0.670224 -3.2,1 -3.32978 -0.199999$
-2.98078 0.670224 -2.39509,0 0.670224 -3.2,1 -3.32978 -0.199999$
-3 -3.32978 -2.2,-2.98078 0.670224 -2.39509,1 -3.32978 -0.199999$
0 0.670224 -3.2,0.980785 -1.32978 -0.00490904,1 -3.32978 -0.199999$
0.980785 -1.32978 -0.00490904,-3 -3.32978 -2.2,1 -3.32978 -0.199999$
-3 -3.32978 -2.2,0 0.670224 -3.2,1 -3.32978 -0.199999$
-2.98078 0.670224 -2.39509,0 0.670224 -3.2,1 -3.32978 -0.199999$
-3 -3.32978 -2.2,-2.98078 0.670224 -2.39509,1 -3.32978 -0.199999$
0 0.670224 -3.2,0.980785 -1.32978 -0.00490904,1 -3.32978 -0.199999$
0.980785 -1.32978 -0.00490904,-3 -3.32978 -2.2,1 -3.32978 -0.199999$
-3 -3.32978 -2.2,0 0.670224 -3.2,1 -3.32978 -0.199999$
-2.98078 0.670224 -2.39509,0 0.670224 -3.2,1 -3.32978 -0.199999$
-3 -3.32978 -2.2,-2.98078 0.670224 -2.39509,1 -3.32978 -0.199999$
0 0.670224 -3.2,0.980785 -1.32978 -0.00490904,1 -3.32978 -0.199999$
0.980785 -1.32978 -0.00490904,-3 -3.32978 -2.2,1 -3.32978 -0.199999$
-3 -3.32978 -2.2,0 0.670224 -3.2,1 -3.32978 -0.199999$
-2.98078 0.670224 -2.39509,0 0.670224 -3.2,1 -3.32978 -0.199999$
-3 -3.32978 -2.2,-2.98078 0.670224 -2.39509,1 -3.32978 -0.199999$
0 0.670224 -3.2,0.980785 -1.32978 -0.00490904,1 -3.32978 -0.199999$
0.980785 -1.32978 -0.00490904,-3 -3.32978 -2.2,1 -3.32978 -0.199999$
-3 -3.32978 -2.2,0 0.670224 -3.2,1 -3.32978 -0.199999$
-2.98078 0.670224 -2.39509,0 0.670224 -3.2,1 -3.32978 -0.199999$
-3 -3.32978 -2.2,-2.98078 0.670224 -2.39509,1 -3.32978 -0.199999$
0 0.670224 -3.2,0.980785 -1.32978 -0.00490904,1 -3.32978 -0.199999$
0.980785 -1.32978 -0.00490904,-3 -3.32978 -2.2,1 -3.32978 -0.199999$
-3 -3.32978 -2.2,0 0.670224 -3.2,1 -3.32978 -0.199999$
-2.98078 0.670224 -2.39509,0 0.670224 -3.2,1 -3.32978 -0.199999$
-3 -3.32978 -2.2,-2.98078 0.670224 -2.39509,1 -3.32978 -0.199999$
0 0.670224 -3.2,0.980785 -1.32978 -0.00490904,1 -3.32978 -0.199999$
0.980785 -1.32978 -0.00490904,-3 -3.32978 -2.2,1 -3.32978 -0.199999$
-3 -3.32978 -2.2,0 0.670224 -3.2,1 -3.32978 -0.199999$
-2.98078 0.670224 -2.39509,0 0.670224 -3.2,1 -3.32978 -0.199999$
-3 -3.32978 -2.2,-2.98078 0.670224 -2.39509,1 -3.32978 -0.199999$
0 0.670224 -3.2,0.980785 -1.32978 -0.00490904,1 -3.32978 -0.199999$
0.980785 -1.32978 -0.00490904,-3 -3.32978 -2.2,1 -3.32978 -0.199999$
-3 -3.32978 -2.2,0 0.670224 -3.2,1 -3.32978 -0.199999$
-2.98078 0.670224 -2.39509,0 0.670224 -3.2,1 -3.32978 -0.199999$
-3 -3.32978 -2.2,-2.98078 0.670224 -2.39509,1 -3.32978 -0.199999$
0 0.670224 -3.2,0.980785 -1.32978 -0.00490904,1 -3.32978 -0.199999$
0.980785 -1.32978 -0.00490904,-3 -3.32978 -2.2,1 -3.32978 -0.199999$
-3 -3.32978 -2.2,0 0.670224 -3.2,1 -3.32978 -0.199999$
-2.98078 0.670224 -2.39509,0 0.670224 -3.2,1 -3.32978 -0.199999$
-3 -3.32978 -2.2,-2.98078 0.670224 -2.39509,1 -3.32978 -0.199999$
0 0.670224 -3.2,0.980785 -1.32978 -0.00490904,1 -3.32978 -0.199999$
0.980785 -1.32978 -0.00490904,-3 -3.32978 -2.2,1 -3.32978 -0.199999$
-3 -3.32978 -2.2,0 0.670224 -3.2,1 -3.32978 -0.199999$
-2.98078 0.670224 -2.39509,0 0.670224 -3.2,1 -3.32978 -0.199999$
-3 -3.32978 -2.2,-2.98078 0.670224 -2.39509,1 -3.32978 -0.199999$
0 0.670224 -3.2,0.980785 -1.32978 -0.00490904,1 -3.32978 -0.199999$
0.980785 -1.32978 -0.00490904,-3 -3.32978 -2.2,1 -3.32978 -0.199999$
-3 -3.32978 -2.2,0 0.670224 -3.2,1 -3.32978 -0.199999$
-2.98078 0.670224 -2.39509,0 0.670224 -3.2,1 -3.32978 -0.199999$
-3 -3.32978 -2.2,-2.98078 0.670224 -2.39509,1 -3.32978 -0.199999$
0 0.670224 -3.2,0.980785 -1.32978 -0.00490904,1 -3.32978 -0.199999$
0.980785 -1.32978 -0.00490904,-3 -3.32978 -2.2,1 -3.32978 -0.199999$
-3 -3.32978 -2.2,0 0.670224 -3.2,1 -3.32978 -0.199999$
0.555571 -3.32978 -3.03147,0 -3.32978 0.8,1 -3.32978 -0.199999$
0 0.670224 -3.2,0.555571 -3.32978 -3.03147,1 -3.32978 -0.199999$
-3 -3.32978 -2.2,0 0.670224 -3.2,1 -3.32978 -0.199999$
-2.98078 0.670224 -2.39509,0 0.670224 -3.2,1 -3.32978 -0.199999$
-3 -3.32978 -2.2,-2.98078 0.670224 -2.39509,1 -3.32978 -0.199999$
0 0.670224 -3.2,0.980785 -1.32978 -0.00490904,1 -3.32978 -0.199999$
0.980785 -1.32978 -0.00490904,-3 -3.32978 -2.2,1 -3.32978 -0.199999$
-3 -3.32978 -2.2,0 0.670224 -3.2,1 -3.32978 -0.199999$
0.555571 -3.32978 -3.03147,0 -3.32978 0.8,1 -3.32978 -0.199999$
0 0.670224 -3.2,0.555571 -3.32978 -3.03147,1 -3.32978 -0.199999$
-3 -3.32978 -2.2,0 0.670224 -3.2,1 -3.32978 -0.199999$
-2.98078 0.670224 -2.39509,0 0.670224 -3.2,1 -3.32978 -0.199999$
-3 -3.32978 -2.2,-2.98078 0.670224 -2.39509,1 -3.32978 -0.199999$
0 0.670224 -3.2,0.980785 -1.32978 -0.00490904,1 -3.32978 -0.199999$
0.980785 -1.32978 -0.00490904,-3 -3.32978 -2.2,1 -3.32978 -0.199999$
-3 -3.32978 -2.2,0 0.670224 -3.2,1 -3.32978 -0.199999$
0.555571 -3.32978 -3.03147,0 -3.32978 0.8,1 -3.32978 -0.199999$
0 0.670224 -3.2,0.555571 -3.32978 -3.03147,1 -3.32978 -0.199999$
-3 -3.32978 -2.2,0 0.670224 -3.2,1 -3.32978 -0.199999$
-2.98078 0.670224 -2.39509,0 0.670224 -3.2,1 -3.32978 -0.199999$
-3 -3.32978 -2.2,-2.98078 0.670224 -2.39509,1 -3.32978 -0.199999$
0 0.670224 -3.2,0.980785 -1.32978 -0.00490904,1 -3.32978 -0.199999$
0.980785 -1.32978 -0.00490904,-3 -3.32978 -2.2,1 -3.32978 -0.199999$
-3 -3.32978 -2.2,0 0.670224 -3.2,1 -3.32978 -0.199999$
0.555571 -3.32978 -3.03147,0 -3.32978 0.8,1 -3.32978 -0.199999$
0 0.670224 -3.2,0.555571 -3.32978 -3.03147,1 -3.32978 -0.199999$
-3 -3.32978 -2.2,0 0.670224 -3.2,1 -3.32978 -0.199999$
-2.98078 0.670224 -2.39509,0 0.670224 -3.2,1 -3.32978 -0.199999$
-3 -3.32978 -2.2,-2.98078 0.670224 -2.39509,1 -3.32978 -0.199999$
0 0.670224 -3.2,0.980785 -1.32978 -0.00490904,1 -3.32978 -0.199999$
0.980785 -1.32978 -0.00490904,-3 -3.32978 -2.2,1 -3.32978 -0.199999$
-3 -3.32978 -2.2,0 0.670224 -3.2,1 -3.32978 -0.199999$
0.555571 -3.32978 -3.03147,0 -3.32978 0.8,1 -3.32978 -0.199999$
0 0.670224 -3.2,0.555571 -3.32978 -3.03147,1 -3.32978 -0.199999$
-3 -3.32978 -2.2,0 0.670224 -3.2,1 -3.32978 -0.199999$
-2.98078 0.670224 -2.39509,0 0.670224 -3.2,1 -3.32978 -0.199999$
-3 -3.32978 -2.2,-2.98078 0.670224 -2.39509,1 -3.32978 -0.199999$
0 0.670224 -3.2,0.980785 -1.32978 -0.00490904,1 -3.32978 -0.199999$
0.980785 -1.32978 -0.00490904,-3 -3.32978 -2.2,1 -3.32978 -0.199999$
-3 -3.32978 -2.2,0 0.670224 -3.2,1 -3.32978 -0.199999$
0.555571 -3.32978 -3.03147,0 -3.32978 0.8,1 -3.32978 -0.199999$
0 0.670224 -3.2,0.555571 -3.32978 -3.03147,1 -3.32978 -0.199999$
-3 -3.32978 -2.2,0 0.670224 -3.2,1 -3.32978 -0.199999$
-2.98078 0.670224 -2.39509,0 0.670224 -3.2,1 -3.32978 -0.199999$
-3 -3.32978 -2.2,-2.98078 0.670224 -2.39509,1 -3.32978 -0.199999$
0 0.670224 -3.2,0.980785 -1.32978 -0.00490904,1 -3.32978 -0.199999$
0.980785 -1.32978 -0.00490904,-3 -3.32978 -2.2,1 -3.32978 -0.199999$
-3 -3.32978 -2.2,0 0.670224 -3.2,1 -3.32978 -0.199999$
0.555571 -3.32978 -3.03147,0 -3.32978 0.8,1 -3.32978 -0.199999$
0 0.670224 -3.2,0.555571 -3.32978 -3.03147,1 -3.32978 -0.199999$
-3 -3.32978 -2.2,0 0.670224 -3.2,1 -3.32978 -0.199999$
-2.98078 0.670224 -2.39509,0 0.670224 -3.2,1 -3.32978 -0.199999$
-3 -3.32978 -2.2,-2.98078 0.670224 -2.39509,1 -3.32978 -0.199999$
0 0.670224 -3.2,0.980785 -1.32978 -0.00490904,1 -3.32978 -0.199999$
0.980785 -1.32978 -0.00490904,-3 -3.32978 -2.2,1 -3.32978 -0.199999$
-3 -3.32978 -2.2,0 0.670224 -3.2,1 -3.32978 -0.199999$
0.555571 -3.32978 -3.03147,0 -3.32978 0.8,1 -3.32978 -0.199999$
0 0.670224 -3.2,0.555571 -3.32978 -3.03147,1 -3.32978 -0.199999$
-3 -3.32978 -2.2,0 0.670224 -3.2,1 -3.32978 -0.199999$
-2.98078 0.670224 -2.39509,0 0.670224 -3.2,1 -3.32978 -0.199999$
-3 -3.32978 -2.2,-2.98078 0.670224 -2.39509,1 -3.32978 -0.199999$
0 -3.32978 0.8,-3 -3.32978 -2.2,1 -3.32978 -0.199999$
0 0.670224 -3.2,0.980785 -1.32978 -0.00490904,1 -3.32978 -0.199999$
0.980785 -1.32978 -0.00490904,-3 -3.32978 -2.2,1 -3.32978 -0.199999$
-3 -3.32978 -2.2,0 0.670224 -3.2,1 -3.32978 -0.199999$
0.555571 -3.32978 -3.03147,0 -3.32978 0.8,1 -3.32978 -0.199999$
0 -3.32978 0.8,-3 -3.32978 -2.2,1 -3.32978 -0.199999$
0 0.670224 -3.2,0.555571 -3.32978 -3.03147,1 -3.32978 -0.199999$
-3 -3.32978 -2.2,0 0.670224 -3.2,1 -3.32978 -0.199999$
-2.98078 0.670224 -2.39509,0 0.670224 -3.2,1 -3.32978 -0.199999$
-3 -3.32978 -2.2,-2.98078 0.670224 -2.39509,1 -3.32978 -0.199999$
0 -3.32978 0.8,-3 -3.32978 -2.2,1 -3.32978 -0.199999$
0 0.670224 -3.2,0.980785 -1.32978 -0.00490904,1 -3.32978 -0.199999$
0.980785 -1.32978 -0.00490904,-3 -3.32978 -2.2,1 -3.32978 -0.199999$
-3 -3.32978 -2.2,0 0.670224 -3.2,1 -3.32978 -0.199999$
0.555571 -3.32978 -3.03147,0 -3.32978 0.8,1 -3.32978 -0.199999$
0 -3.32978 0.8,-3 -3.32978 -2.2,1 -3.32978 -0.199999$
0 0.670224 -3.2,0.555571 -3.32978 -3.03147,1 -3.32978 -0.199999$
-3 -3.32978 -2.2,0 0.670224 -3.2,1 -3.32978 -0.199999$
-2.98078 0.670224 -2.39509,0 0.670224 -3.2,1 -3.32978 -0.199999$
-3 -3.32978 -2.2,-2.98078 0.670224 -2.39509,1 -3.32978 -0.199999$
0 -3.32978 0.8,-3 -3.32978 -2.2,1 -3.32978 -0.199999$
0 0.670224 -3.2,0.980785 -1.32978 -0.00490904,1 -3.32978 -0.199999$
0.980785 -1.32978 -0.00490904,-3 -3.32978 -2.2,1 -3.32978 -0.199999$
-3 -3.32978 -2.2,0 0.670224 -3.2,1 -3.32978 -0.199999$
0.555571 -3.32978 -3.03147,0 -3.32978 0.8,1 -3.32978 -0.199999$
0 -3.32978 0.8,-3 -3.32978 -2.2,1 -3.32978 -0.199999$
0 0.670224 -3.2,0.555571 -3.32978 -3.03147,1 -3.32978 -0.199999$
-3 -3.32978 -2.2,0 0.670224 -3.2,1 -3.32978 -0.199999$
-2.98078 0.670224 -2.39509,0 0.670224 -3.2,1 -3.32978 -0.199999$
-3 -3.32978 -2.2,-2.98078 0.670224 -2.39509,1 -3.32978 -0.199999$
0 -3.32978 0.8,-3 -3.32978 -2.2,1 -3.32978 -0.199999$
0 0.670224 -3.2,0.980785 -1.32978 -0.00490904,1 -3.32978 -0.199999$
0.980785 -1.32978 -0.00490904,-3 -3.32978 -2.2,1 -3.32978 -0.199999$
-3 -3.32978 -2.2,0 0.670224 -3.2,1 -3.32978 -0.199999$
0.555571 -3.32978 -3.03147,0 -3.32978 0.8,1 -3.32978 -0.199999$
0 -3.32978 0.8,-3 -3.32978 -2.2,1 -3.32978 -0.199999$
0 0.670224 -3.2,0.555571 -3.32978 -3.03147,1 -3.32978 -0.199999$
-3 -3.32978 -2.2,0 0.670224 -3.2,1 -3.32978 -0.199999$
-2.98078 0.670224 -2.39509,0 0.670224 -3.2,1 -3.32978 -0.199999$
-3 -3.32978 -2.2,-2.98078 0.670224 -2.39509,1 -3.32978 -0.199999$
0 -3.32978 0.8,-3 -3.32978 -2.2,1 -3.32978 -0.199999$
0 0.670224 -3.2,0.980785 -1.32978 -0.00490904,1 -3.32978 -0.199999$
0.980785 -1.32978 -0.00490904,-3 -3.32978 -2.2,1 -3.32978 -0.199999$
-3 -3.32978 -2.2,0 0.670224 -3.2,1 -3.32978 -0.199999$
0.555571 -3.32978 -3.03147,0 -3.32978 0.8,1 -3.32978 -0.199999$
0 -3.32978 0.8,-3 -3.32978 -2.2,1 -3.32978 -0.199999$
0 0.670224 -3.2,0.555571 -3.32978 -3.03147,1 -3.32978 -0.199999$
-3 -3.32978 -2.2,0 0.670224 -3.2,1 -3.32978 -0.199999$
-2.98078 0.670224 -2.39509,0 0.670224 -3.2,1 -3.32978 -0.199999$
-3 -3.32978 -2.2,-2.98078 0.670224 -2.39509,1 -3.32978 -0.199999$
0 -3.32978 0.8,-3 -3.32978 -2.2,1 -3.32978 -0.199999$
0 0.670224 -3.2,0.980785 -1.32978 -0.00490904,1 -3.32978 -0.199999$
0.980785 -1.32978 -0.00490904,-3 -3.32978 -2.2,1 -3.32978 -0.199999$
-3 -3.32978 -2.2,0 0.670224 -3.2,1 -3.32978 -0.199999$
0.555571 -3.32978 -3.03147,0 -3.32978 0.8,1 -3.32978 -0.199999$
0 -3.32978 0.8,-3 -3.32978 -2.2,1 -3.32978 -0.199999$
0 0.670224 -3.2,0.555571 -3.32978 -3.03147,1 -3.32978 -0.199999$
-3 -3.32978 -2.2,0 0.670224 -3.2,1 -3.32978 -0.199999$
-2.98078 0.670224 -2.39509,0 0.670224 -3.2,1 -3.32978 -0.199999$
-3 -3.32978 -2.2,-2.98078 0.670224 -2.39509,1 -3.32978 -0.199999$
0.980785 -1.32978 -0.00490904,0 -3.32978 0.8,1 -3.32978 -0.199999$
0 -3.32978 0.8,-3 -3.32978 -2.2,1 -3.32978 -0.199999$
0 0.670224 -3.2,0.980785 -1.32978 -0.00490904,1 -3.32978 -0.199999$
0.980785 -1.32978 -0.00490904,-3 -3.32978 -2.2,1 -3.32978 -0.199999$
-3 -3.32978 -2.2,0 0.670224 -3.2,1 -3.32978 -0.199999$
-2.98078 0.670224 -2.39509,0 0.670224 -3.2,1 -3.32978 -0.199999$
-3 -3.32978 -2.2,-2.98078 0.670224 -2.39509,1 -3.32978 -0.199999$
-3 -3.32978 -2.2,0 0.670224 -3.2,1 -3.32978 -0.199999$
-2.98078 0.670224 -2.39509,0 0.670224 -3.2,1 -3.32978 -0.199999$
-3 -3.32978 -2.2,-2.98078 0.670224 -2.39509,1 -3.32978 -0.199999$
0.707107 0.670224 -2.9071,-2.70711 0.670224 0.507107,1 -3.32978 -0.199999$
-2.70711 0.670224 0.507107,-3 -3.32978 -2.2,1 -3.32978 -0.199999$
0 0.670224 -3.2,0.707107 0.670224 -2.9071,1 -3.32978 -0.199999$
0.707107 0.670224 -2.9071,-3 -3.32978 -2.2,1 -3.32978 -0.199999$
-3 -3.32978 -2.2,0 0.670224 -3.2,1 -3.32978 -0.199999$
0.707107 0.670224 -2.9071,-2.70711 0.670224 0.507107,1 -3.32978 -0.199999$
-2.70711 0.670224 0.507107,-3 -3.32978 -2.2,1 -3.32978 -0.199999$
0 0.670224 -3.2,0.707107 0.670224 -2.9071,1 -3.32978 -0.199999$
0.707107 0.670224 -2.9071,-3 -3.32978 -2.2,1 -3.32978 -0.199999$
-3 -3.32978 -2.2,0 0.670224 -3.2,1 -3.32978 -0.199999$
0.707107 0.670224 -2.9071,-2.70711 0.670224 0.507107,1 -3.32978 -0.199999$
-2.70711 0.670224 0.507107,-3 -3.32978 -2.2,1 -3.32978 -0.199999$
0 0.670224 -3.2,0.707107 0.670224 -2.9071,1 -3.32978 -0.199999$
0.707107 0.670224 -2.9071,-3 -3.32978 -2.2,1 -3.32978 -0.199999$
-3 -3.32978 -2.2,0 0.670224 -3.2,1 -3.32978 -0.199999$
0.707107 0.670224 -2.9071,-2.70711 0.670224 0.507107,1 -3.32978 -0.199999$
-2.70711 0.670224 0.507107,-3 -3.32978 -2.2,1 -3.32978 -0.199999$
0 0.670224 -3.2,0.707107 0.670224 -2.9071,1 -3.32978 -0.199999$
0.707107 0.670224 -2.9071,-3 -3.32978 -2.2,1 -3.32978 -0.199999$
-3 -3.32978 -2.2,0 0.670224 -3.2,1 -3.32978 -0.199999$
-2.98078 0.670224 -2.39509,0 0.670224 -3.2,1 -3.32978 -0.199999$
-3 -3.32978 -2.2,-2.98078 0.670224 -2.39509,1 -3.32978 -0.199999$
-2.98078 0.670224 -2.39509,0 0.670224 -3.2,1 -3.32978 -0.199999$
-3 -3.32978 -2.2,-2.98078 0.670224 -2.39509,1 -3.32978 -0.199999$
0 0.670224 -3.2,0.999999 0.670224 -0.199998,1 -3.32978 -0.199999$
0.999999 0.670224 -0.199998,-3 -3.32978 -2.2,1 -3.32978 -0.199999$
-3 -3.32978 -2.2,0 0.670224 -3.2,1 -3.32978 -0.199999$
-2.98078 0.670224 -2.39509,0 0.670224 -3.2,1 -3.32978 -0.199999$
-3 -3.32978 -2.2,-2.98078 0.670224 -2.39509,1 -3.32978 -0.199999$
0.980785 -3.32978 -0.00490904,-3 -3.32978 -2.2,1 -3.32978 -0.199999$
-3 -3.32978 -2.2,0 0.670224 -3.2,1 -3.32978 -0.199999$
-2.98078 0.670224 -2.39509,0 0.670224 -3.2,1 -3.32978 -0.199999$
-3 -3.32978 -2.2,-2.98078 0.670224 -2.39509,1 -3.32978 -0.199999$
-2.98078 0.670224 -2.39509,0 0.670224 -3.2,1 -3.32978 -0.199999$
-3 -3.32978 -2.2,-2.98078 0.670224 -2.39509,1 -3.32978 -0.199999$
0 0.670224 -3.2,0.980785 -3.32978 -0.00490904,1 -3.32978 -0.199999$
0.980785 -3.32978 -0.00490904,-3 -3.32978 -2.2,1 -3.32978 -0.199999$
-3 -3.32978 -2.2,0 0.670224 -3.2,1 -3.32978 -0.199999$
-2.98078 0.670224 -2.39509,0 0.670224 -3.2,1 -3.32978 -0.199999$
-3 -3.32978 -2.2,-2.98078 0.670224 -2.39509,1 -3.32978 -0.199999$
-2.98078 0.670224 -2.39509,0 0.670224 -3.2,1 -3.32978 -0.199999$
-3 -3.32978 -2.2,-2.98078 0.670224 -2.39509,1 -3.32978 -0.199999$
-2.98078 0.670224 -2.39509,0 0.670224 -3.2,1 -3.32978 -0.199999$
-3 -3.32978 -2.2,-2.98078 0.670224 -2.39509,1 -3.32978 -0.199999$
-2.98078 0.670224 -2.39509,0 0.670224 -3.2,1 -3.32978 -0.199999$
-3 -3.32978 -2.2,-2.98078 0.670224 -2.39509,1 -3.32978 -0.199999$
-2.98078 0.670224 -2.39509,0 0.670224 -3.2,1 -3.32978 -0.199999$
-3 -3.32978 -2.2,-2.98078 0.670224 -2.39509,1 -3.32978 -0.199999$
-2.98078 0.670224 -2.39509,0 0.670224 -3.2,1 -3.32978 -0.199999$
-3 -3.32978 -2.2,-2.98078 0.670224 -2.39509,1 -3.32978 -0.199999$
-2.98078 0.670224 -2.39509,0 0.670224 -3.2,1 -3.32978 -0.199999$
-3 -3.32978 -2.2,-2.98078 0.670224 -2.39509,1 -3.32978 -0.199999$
-2.98078 0.670224 -2.39509,0 0.670224 -3.2,1 -3.32978 -0.199999$
-3 -3.32978 -2.2,-2.98078 0.670224 -2.39509,1 -3.32978 -0.199999$
-2.98078 0.670224 -2.39509,0 0.670224 -3.2,1 -3.32978 -0.199999$
-3 -3.32978 -2.2,-2.98078 0.670224 -2.39509,1 -3.32978 -0.199999$
-2.98078 0.670224 -2.39509,0 0.670224 -3.2,1 -3.32978 -0.199999$
-3 -3.32978 -2.2,-2.98078 0.670224 -2.39509,1 -3.32978 -0.199999$
-2.98078 0.670224 -2.39509,0 0.670224 -3.2,1 -3.32978 -0.199999$
-3 -3.32978 -2.2,-2.98078 0.670224 -2.39509,1 -3.32978 -0.199999$
-2.98078 0.670224 -2.39509,0 0.670224 -3.2,1 -3.32978 -0.199999$
-3 -3.32978 -2.2,-2.98078 0.670224 -2.39509,1 -3.32978 -0.199999$
-2.98078 0.670224 -2.39509,0 0.670224 -3.2,1 -3.32978 -0.199999$
-3 -3.32978 -2.2,-2.98078 0.670224 -2.39509,1 -3.32978 -0.199999$
-2.98078 0.670224 -2.39509,0 0.670224 -3.2,1 -3.32978 -0.199999$
-3 -3.32978 -2.2,-2.98078 0.670224 -2.39509,1 -3.32978 -0.199999$
0.555571 -3.32978 -3.03147,0.195089 -1.32978 0.780786,1 -3.32978 -0.199999$
0.195089 -1.32978 0.780786,-3 -3.32978 -2.2,1 -3.32978 -0.199999$
0 0.670224 -3.2,0.555571 -3.32978 -3.03147,1 -3.32978 -0.199999$
-3 -3.32978 -2.2,0 0.670224 -3.2,1 -3.32978 -0.199999$
0.555571 -3.32978 -3.03147,0.195089 -1.32978 0.780786,1 -3.32978 -0.199999$
0.195089 -1.32978 0.780786,-3 -3.32978 -2.2,1 -3.32978 -0.199999$
0 0.670224 -3.2,0.555571 -3.32978 -3.03147,1 -3.32978 -0.199999$
-3 -3.32978 -2.2,0 0.670224 -3.2,1 -3.32978 -0.199999$
0.980785 -1.32978 -0.00490904,-2.70711 0.670224 0.507107,1 -3.32978 -0.199999$
-2.70711 0.670224 0.507107,-3 -3.32978 -2.2,1 -3.32978 -0.199999$
0 0.670224 -3.2,0.980785 -1.32978 -0.00490904,1 -3.32978 -0.199999$
0.980785 -1.32978 -0.00490904,-3 -3.32978 -2.2,1 -3.32978 -0.199999$
-3 -3.32978 -2.2,0 0.670224 -3.2,1 -3.32978 -0.199999$
0.555571 0.670224 -3.03147,0.195089 -1.32978 0.780786,1 -3.32978 -0.199999$
0.195089 -1.32978 0.780786,-3 -3.32978 -2.2,1 -3.32978 -0.199999$
0 0.670224 -3.2,0.555571 0.670224 -3.03147,1 -3.32978 -0.199999$
0.555571 0.670224 -3.03147,-3 -3.32978 -2.2,1 -3.32978 -0.199999$
-3 -3.32978 -2.2,0 0.670224 -3.2,1 -3.32978 -0.199999$
0.707107 0.670224 -2.9071,0.195089 -1.32978 0.780786,1 -3.32978 -0.199999$
0.195089 -1.32978 0.780786,-3 -3.32978 -2.2,1 -3.32978 -0.199999$
0 0.670224 -3.2,0.707107 0.670224 -2.9071,1 -3.32978 -0.199999$
0.707107 0.670224 -2.9071,-3 -3.32978 -2.2,1 -3.32978 -0.199999$
-3 -3.32978 -2.2,0 0.670224 -3.2,1 -3.32978 -0.199999$
0.707107 0.670224 -2.9071,0.195089 -1.32978 0.780786,1 -3.32978 -0.199999$
0.195089 -1.32978 0.780786,-3 -3.32978 -2.2,1 -3.32978 -0.199999$
0 0.670224 -3.2,0.707107 0.670224 -2.9071,1 -3.32978 -0.199999$
0.707107 0.670224 -2.9071,-3 -3.32978 -2.2,1 -3.32978 -0.199999$
-3 -3.32978 -2.2,0 0.670224 -3.2,1 -3.32978 -0.199999$
0.980785 -1.32978 -0.00490904,0.195089 -1.32978 0.780786,1 -3.32978 -0.199999$
0.195089 -1.32978 0.780786,-3 -3.32978 -2.2,1 -3.32978 -0.199999$
0 0.670224 -3.2,0.980785 -1.32978 -0.00490904,1 -3.32978 -0.199999$
0.980785 -1.32978 -0.00490904,-3 -3.32978 -2.2,1 -3.32978 -0.199999$
-3 -3.32978 -2.2,0 0.670224 -3.2,1 -3.32978 -0.199999$
-3 -3.32978 -2.2,0.555571 -3.32978 -3.03147,1 -3.32978 -0.199999$
0 0.670224 -3.2,0.555571 -3.32978 -3.03147,1 -3.32978 -0.199999$
-3 -3.32978 -2.2,0 0.670224 -3.2,1 -3.32978 -0.199999$
0.382681 0.670224 0.723881,-3 -3.32978 -2.2,1 -3.32978 -0.199999$
-3 -3.32978 -2.2,0.555571 -3.32978 -3.03147,1 -3.32978 -0.199999$
0 0.670224 -3.2,0.555571 -3.32978 -3.03147,1 -3.32978 -0.199999$
-3 -3.32978 -2.2,0 0.670224 -3.2,1 -3.32978 -0.199999$
0.382681 0.670224 0.723881,-3 -3.32978 -2.2,1 -3.32978 -0.199999$
-3 -3.32978 -2.2,0.555571 -3.32978 -3.03147,1 -3.32978 -0.199999$
0 0.670224 -3.2,0.555571 -3.32978 -3.03147,1 -3.32978 -0.199999$
-3 -3.32978 -2.2,0 0.670224 -3.2,1 -3.32978 -0.199999$
0.382681 0.670224 0.723881,-3 -3.32978 -2.2,1 -3.32978 -0.199999$
-3 -3.32978 -2.2,0.555571 -3.32978 -3.03147,1 -3.32978 -0.199999$
0 0.670224 -3.2,0.555571 -3.32978 -3.03147,1 -3.32978 -0.199999$
-3 -3.32978 -2.2,0 0.670224 -3.2,1 -3.32978 -0.199999$
0.382681 0.670224 0.723881,-3 -3.32978 -2.2,1 -3.32978 -0.199999$
-3 -3.32978 -2.2,0.555571 -3.32978 -3.03147,1 -3.32978 -0.199999$
0 0.670224 -3.2,0.555571 -3.32978 -3.03147,1 -3.32978 -0.199999$
-3 -3.32978 -2.2,0 0.670224 -3.2,1 -3.32978 -0.199999$
